2020-12-24 -0.6664073276898912 -0.6065602762508773 -0.5827283923943392 -0.618865332600108 54930100 0.0
2020-12-28 -0.4715519562126783 -0.32901399944411225 -0.4059441975421927 -0.2790111925417446 124486200 0.0
2020-12-29 -0.1752552696749341 -0.2252916561063435 -0.3450594868299951 -0.4100568087962982 121047300 0.0
2020-12-30 -0.35551553032472993 -0.4255830820784915 -0.41401391200009097 -0.4928605701151842 96452100 0.0
2020-12-31 -0.4649842687385553 -0.5149984418454147 -0.5372487374562996 -0.5670230257504745 99116600 0.0
2021-01-04 -0.5058515144722274 -0.5958296315237422 -0.9010867358649984 -0.8031914466591829 143301900 0.0
2021-01-05 -0.8437474478663586 -0.7295959589525687 -0.7785857401929751 -0.6879880399161565 97664900 0.0
2021-01-06 -0.929132503423706 -0.7789528688532248 -0.9289616676401932 -1.005519820288087 155088000 0.0
2021-01-07 -0.8824255313814559 -0.7374636422770525 -0.8203963653008319 -0.6944670846406742 109578200 0.0
2021-01-08 -0.5854010475846996 -0.6659323715780877 -0.6465475654289878 -0.6131048306278403 105158200 0.0
2021-01-11 -0.8218524065711565 -0.8419017892456367 -0.7734494000766963 -0.8341529011284353 100384500 0.0
2021-01-12 -0.8722087314310535 -0.8762374647559157 -0.8937513128815371 -0.8471132014782466 91951100 0.0
2021-01-13 -0.8532353373842824 -0.7503412425716297 -0.7741837227864413 -0.6966282401493642 88636800 0.0
2021-01-14 -0.7043555180296046 -0.7825296633485771 -0.7543777068311994 -0.839192649447677 90221800 0.0
2021-01-15 -0.8517751947862846 -0.8383258636749152 -0.8834823270325677 -0.966638919238654 111598500 0.0
2021-01-19 -0.9247540349160279 -0.9463391585159607 -0.8878827960137656 -0.9169561097221273 90757300 0.0
2021-01-20 -0.860531787492526 -0.6759458332955744 -0.7697817900244334 -0.6145441270331161 104319500 0.0
2021-01-21 -0.48541683731916757 -0.16234135381777842 -0.40007428920642385 -0.26604978674154517 120150900 0.0
2021-01-22 -0.3044287171430555 -0.14946559079977645 -0.2951772091253889 -0.10764316793170493 114459400 0.0
2021-01-25 0.19110133622973052 0.2253636467072967 -0.18368008835532873 0.16956620408473935 157611700 0.0
2021-01-26 0.229781908275019 0.16885485219101232 0.17062455532982274 0.18684881545193066 98390600 0.0
2021-01-27 0.21737363326495854 0.16885407927741344 0.10020393204952913 0.10764440059662245 140843800 0.0
2021-01-28 -0.06797601343970122 0.003613062687798517 -0.1719430927281409 -0.2502108935811821 142621100 0.0
2021-01-29 -0.3372703436826702 -0.37193327848646585 -0.6480140055308402 -0.6195849808027459 177523800 0.0
2021-02-01 -0.48906847732425585 -0.4692184308483267 -0.5952003792718088 -0.4626198692989577 106239800 0.0
2021-02-02 -0.3445679657638674 -0.40269212850473 -0.3252532029042459 -0.4014155031127026 83305400 0.0
2021-02-03 -0.34237823807731826 -0.4413188595070759 -0.3986074358472929 -0.4770183606036568 89880900 0.0
2021-02-04 -0.30296835822496676 -0.32472102936700986 -0.32671984214664923 -0.228608182097387 84183100 0.0
2021-02-05 -0.2113622084673138 -0.3086020433650204 -0.2186679435796824 -0.2592567941068138 75693800 0.205
2021-02-08 -0.30783889058762004 -0.34155492601737086 -0.28772383549368624 -0.24843885660909512 71297200 0.0
2021-02-09 -0.2647178135645431 -0.27564754726995117 -0.21940236142206201 -0.31333984889307875 76774200 0.0
2021-02-10 -0.2749508518725276 -0.339407378293703 -0.32592713498931175 -0.3580486843884532 73046600 0.0
2021-02-11 -0.3173413066743299 -0.38239053711305215 -0.3722078517041522 -0.37679601751984615 64280000 0.0
2021-02-12 -0.4306287337925769 -0.4440016839911828 -0.3780862319329703 -0.3594912971448933 60145100 0.0
2021-02-16 -0.34730580838708636 -0.4096129841851128 -0.4442027152697777 -0.5166896586805657 80576300 0.0
2021-02-17 -0.6572014589219302 -0.6811262887664081 -0.6881034155186191 -0.686149675920785 97918500 0.0
2021-02-18 -0.8070351269187007 -0.8401681148225921 -0.8394415903752207 -0.7676357403770836 96856700 0.0
2021-02-19 -0.7310205645819051 -0.7893017118769265 -0.7373244371800072 -0.7560970492263388 87668800 0.0
2021-02-22 -0.8940091035530664 -0.8602255697988506 -0.9724107767186222 -1.03516468334514 103916400 0.0
2021-02-23 -1.2046354522811649 -1.0758614302463936 -1.5020887868660713 -1.0452607617394447 158273000 0.0
2021-02-24 -1.1183905765031388 -1.1582466334349615 -1.2199852968704095 -1.0820368852499795 111039900 0.0
2021-02-25 -1.13739357474357 -1.093770753233213 -1.3441399341674418 -1.3964385828480719 148199500 0.0
2021-02-26 -1.2901493045233106 -1.2091108875163763 -1.2956542101471031 -1.3769688378880707 164560400 0.0
2021-03-01 -1.20536581296061 -0.9884604038435352 -1.1788451901183452 -0.906086768781362 116307900 0.0
2021-03-02 -0.8647738277118872 -0.9318659151867835 -1.015755220967009 -1.0986225101474896 102260900 0.0
2021-03-03 -1.1278928378024629 -1.1475009819680508 -1.2486372688293566 -1.3192809093862876 112966300 0.0
2021-03-04 -1.3515436935157812 -1.2986606169967574 -1.4851919020168145 -1.4584543496191753 178155000 0.0
2021-03-05 -1.407821127842609 -1.4175815027871095 -1.5623291394982444 -1.3654312521877132 153766600 0.0
2021-03-08 -1.4114761202070911 -1.4849231921422628 -1.6622409320230862 -1.730310578131357 154376600 0.0
2021-03-09 -1.5503439717013134 -1.4089849839731103 -1.4727025098587498 -1.3892277299666476 129525800 0.0
2021-03-10 -1.3559278378393393 -1.401104218596836 -1.4242160060396483 -1.4692695234909237 111943300 0.0
2021-03-11 -1.2938034570553705 -1.3265997651592123 -1.2912460329207163 -1.326491762267711 103026500 0.0
2021-03-12 -1.4502127656863424 -1.4727444185186143 -1.4455208043748595 -1.3935544627855796 88105100 0.0
2021-03-15 -1.3763926916358997 -1.270003855201295 -1.3529557171450353 -1.180106916428206 92403800 0.0
2021-03-16 -1.062843778642751 -1.0393247975593818 -1.0370594861706561 -1.066172566730693 115227900 0.0
2021-03-17 -1.1834393024787313 -1.136754529092841 -1.2119047218583059 -1.124581801610695 111932600 0.0
2021-03-18 -1.2689536495831495 -1.3287488877139564 -1.360302654100078 -1.4296098326430897 121229700 0.0
2021-03-19 -1.4867568932470594 -1.4541178473055139 -1.4073194910909599 -1.468549322563092 185549500 0.0
2021-03-22 -1.455328464906056 -1.2793168259646923 -1.3647097358320104 -1.2233731391671403 111912300 0.0
2021-03-23 -1.2360629549580469 -1.2528106241158112 -1.2265971761079406 -1.2846670468348298 95467100 0.0
2021-03-24 -1.273338614737525 -1.3488077092150499 -1.3786685576562157 -1.4613384696816674 88530500 0.0
2021-03-25 -1.5130687806682328 -1.437640482644253 -1.4572751941371227 -1.4252830998241575 98844700 0.0
2021-03-26 -1.453867128263946 -1.4505355025634257 -1.463152349158201 -1.380574264328783 94071200 0.0
2021-03-29 -1.3588520887358058 -1.3717323733147635 -1.3301818966613246 -1.3675946185971803 80819200 0.0
2021-03-30 -1.471408793049773 -1.527906913971612 -1.4675605971784118 -1.4750394217914902 85671900 0.0
2021-03-31 -1.3588518656468755 -1.304391345842894 -1.2993268120833759 -1.3127902574326942 118323800 0.0
2021-04-01 -1.2119442426070652 -1.257109449031577 -1.2008854244650702 -1.2514969024901998 75089100 0.0
2021-04-05 -1.1965949326307765 -1.1152621180681939 -1.1582752257876432 -1.0423755362265654 88651200 0.0
2021-04-06 -1.0043725155613212 -1.0457724273566649 -0.9687374696781099 -1.0200216712040702 80171300 0.0
2021-04-07 -1.0533421257193676 -0.9891775424186611 -1.0062048371224535 -0.8981551622469126 83466700 0.0
2021-04-08 -0.8253064373940567 -0.8122279251676915 -0.7578953881396412 -0.720763538472243 88844600 0.0
2021-04-09 -0.763180615599481 -0.6223834303948554 -0.688104423112653 -0.5303917162407765 106686700 0.0
2021-04-12 -0.5643790653484128 -0.6359933693091695 -0.6028849328918863 -0.6573051589446994 91420000 0.0
2021-04-13 -0.5702269293264038 -0.5063265968611536 -0.5073829145464847 -0.42727419859059296 91266500 0.0
2021-04-14 -0.38750573057836746 -0.4819695282180274 -0.527217577380293 -0.6003390895463304 87222800 0.0
2021-04-15 -0.46936407454818513 -0.48196908513913395 -0.38175817919434707 -0.42222560666824666 89347100 0.0
2021-04-16 -0.4342812531142284 -0.505609639620668 -0.40820472574159705 -0.4467422853750119 84922400 0.0
2021-04-19 -0.49202308812234335 -0.44829903769749635 -0.4037983217278679 -0.39770892796148133 94264200 0.0
2021-04-20 -0.3816578911674211 -0.44400004157189854 -0.5161977728688383 -0.522459004255938 94812300 0.0
2021-04-21 -0.5760751600007056 -0.5715198540438409 -0.5536656571347806 -0.4943374518336547 68847100 0.0
2021-04-22 -0.5263738959638755 -0.5428628869200258 -0.5455829480419336 -0.6068280833243407 84566500 0.0
2021-04-23 -0.590692133253582 -0.4733735231158244 -0.49048583251754707 -0.43520580512504337 78657500 0.0
2021-04-26 -0.39554514434791765 -0.47767096822776467 -0.3876355383216799 -0.4063612881489578 66905100 0.0
2021-04-27 -0.3823901828763871 -0.4525971190456053 -0.3472303996550166 -0.4301583186530851 66015800 0.0
2021-04-28 -0.4335512636386633 -0.4805358447935069 -0.42289785031948846 -0.4885670008078942 107760100 0.0
2021-04-29 -0.27568025468403906 -0.33367501968149166 -0.469181176615071 -0.4957789591397067 151101000 0.0
2021-04-30 -0.6184650636763506 -0.5851299810175066 -0.5705605539143536 -0.6414408404254106 109839500 0.0
2021-05-03 -0.5994629616550384 -0.5485936212763068 -0.5147286217668156 -0.5635629660357944 75135100 0.0
2021-05-04 -0.6615872457648042 -0.7334235007887118 -0.8916004256912062 -0.9017605886876249 137564700 0.0
2021-05-05 -0.807033759191149 -0.807929186025431 -0.7983004184219827 -0.8837323510336758 84000900 0.0
2021-05-06 -0.9027807693221314 -0.858077861747039 -0.8600119168013555 -0.7654723739676175 78128300 0.0
2021-05-07 -0.6701919390280238 -0.7339284137119964 -0.6712121313499207 -0.7156298268700148 78973300 0.22
2021-05-10 -0.7756193322529665 -0.8573587734684414 -0.8676957447752369 -0.9583342231982266 88071200 0.0
2021-05-11 -1.2083062810796215 -1.0920175521906057 -1.1649953954891406 -1.0262326442094802 126142800 0.0
2021-05-12 -1.215627214314566 -1.2089879491877822 -1.2032612385156447 -1.2530445330335074 112172300 0.0
2021-05-13 -1.1292367980586027 -1.100628887081266 -1.0553476310328316 -1.0941321706711231 105861300 0.0
2021-05-14 -1.0069715959423056 -0.9757643216831974 -0.9383411235812719 -0.9149944880084852 81918000 0.0
2021-05-17 -0.9652400827396903 -1.0446547351877244 -0.9883813971181874 -1.000229134730752 74244600 0.0
2021-05-18 -0.9842756910586314 -1.040349389846977 -1.017081241204702 -1.1028000071640316 63342900 0.0
2021-05-19 -1.233198275799759 -1.188895064806882 -1.1583720414349061 -1.1143569382461795 92612000 0.0
2021-05-20 -1.0816483618691672 -0.9879636851700146 -0.9935330035768557 -0.925107148158612 76857100 0.0
2021-05-21 -0.8920273627538475 -0.9678701900710059 -0.985437723606869 -1.0609045429063122 79295400 0.0
2021-05-24 -1.0245426954089358 -0.9721762542307977 -0.93171803156453 -0.9402761383837985 63092900 0.0
2021-05-25 -0.892027579374829 -0.9449062817138185 -0.9037540347363509 -0.954722164055186 72009500 0.0
2021-05-26 -0.9549907157156307 -1.01164498880061 -0.8963954328942044 -0.9583342231982266 56575900 0.0
2021-05-27 -0.9930612327187402 -0.9937048513798302 -0.9950046744908236 -1.0717401676102412 94625600 0.0
2021-05-28 -1.056755989207316 -1.125744796593308 -1.0340063179234231 -1.1201356801498505 71311100 0.0
2021-06-01 -1.0926304099009263 -1.1580380412642883 -1.0788960551136715 -1.1439730595931425 67637100 0.0
2021-06-02 -1.1512009274365582 -1.1659319751705046 -1.0708013706081323 -1.0876315696640368 59278900 0.0
2021-06-03 -1.1219151642197651 -1.1939182396393542 -1.1385031511264492 -1.1974249022078158 76229200 0.0
2021-06-04 -1.1665749342693856 -1.0999106402429875 -1.085518929905466 -1.0276774678666976 75169300 0.0
2021-06-07 -1.0128285005898265 -1.0884291992201158 -1.0134014752830256 -1.0269550560380873 71057600 0.0
2021-06-08 -0.9813470709697281 -0.9348596924433545 -0.9118488157761955 -0.966279647862528 74403800 0.0
2021-06-09 -0.936686813800269 -0.98581017849668 -0.889035905784919 -0.93810835017278 56877900 0.0
2021-06-10 -0.9505977082372001 -0.9542353612623007 -0.9317174424344609 -1.0117860658128999 71186400 0.0
2021-06-11 -0.9864719593991081 -1.0080564830531458 -0.9199436809866546 -0.9222175008441773 53522400 0.0
2021-06-14 -0.8920276889046563 -0.7855974557451428 -0.848562348748184 -0.6961285765739534 96906500 0.0
2021-06-15 -0.7368160168551016 -0.7812902675488969 -0.6778351488466103 -0.7568034320243199 62746300 0.0
2021-06-16 -0.7053355107183302 -0.760480392647568 -0.7462728450326276 -0.7199654032920516 91815000 0.0
2021-06-17 -0.7470659466511594 -0.6413562696552416 -0.6587025966875328 -0.6015031288049751 96721700 0.0
2021-06-18 -0.6804423984202068 -0.7159888221545839 -0.6152844521493978 -0.6975722947807816 108953300 0.0
2021-06-21 -0.7104600066967196 -0.6514031958890975 -0.6910812381337655 -0.5646639946223188 79663300 0.0
2021-06-22 -0.5764807624144694 -0.5315621469949869 -0.5137325398406233 -0.4433131782711979 74783600 0.0
2021-06-23 -0.4564110756778064 -0.5143381236414768 -0.3952531607546042 -0.46353739312106135 60214200 0.0
2021-06-24 -0.40662821538843646 -0.4913762991211104 -0.4173313234330734 -0.48448567797511505 68711000 0.0
2021-06-25 -0.4791069480890665 -0.545196145084309 -0.42616055423827737 -0.5061547164821947 70783700 0.0
2021-06-28 -0.4827678229435531 -0.44760083191520994 -0.386421847688846 -0.38552575923448795 62111300 0.0
2021-06-29 -0.3810024911052751 -0.35861674528184084 -0.31283303007496627 -0.27356463847969065 64556100 0.0
2021-06-30 -0.2807016519383587 -0.2925967065166728 -0.20097863366008034 -0.22805766780412481 63261400 0.0
2021-07-01 -0.24921966987759978 -0.29833778561758584 -0.20907352481361335 -0.20566566474324297 52485800 0.0
2021-07-02 -0.1540437921615208 -0.10673512305224075 -0.06263059317262658 -0.011358439130223476 78852600 0.0
2021-07-06 0.004828054108481012 0.11931169292740652 0.10809592353257715 0.13744071035684208 108181800 0.0
2021-07-07 0.2588752179219817 0.24417684885877525 0.29869153364540124 0.32163527581973583 104911600 0.0
2021-07-08 0.11537874346553582 0.1846146343855735 0.15224864075192313 0.22556500439354127 105575500 0.0
2021-07-09 0.2010381805382759 0.29871547780382984 0.29795541045688445 0.36064109276302253 99890800 0.0
2021-07-12 0.4543545633913388 0.3467964969745147 0.3973011218661974 0.316578945744673 76299700 0.0
2021-07-13 0.2947497697043646 0.42860368928139175 0.37007295139401236 0.3989239451525071 100827100 0.0
2021-07-14 0.5927257362991788 0.580019788178635 0.6681075940783935 0.6524612025586767 127050800 0.0
2021-07-15 0.6761886074691598 0.610877055007362 0.6246907828127031 0.6040656900190664 106820300 0.0
2021-07-16 0.6190825606663023 0.5936537178612927 0.5356484003508002 0.45309875232098246 93251400 0.0
2021-07-19 0.27425034054572023 0.18533317490547396 0.22583792898011867 0.1685005499106334 121434600 0.0
2021-07-20 0.25301872741442316 0.4027691997531841 0.320768016068989 0.4357619738847754 96350000 0.0
2021-07-21 0.40456943226054687 0.3331617560498984 0.44366266250537767 0.3815882721666881 74993500 0.0
2021-07-22 0.43458552621072993 0.4817055869349157 0.5304958418472728 0.4827137682175575 77338200 0.0
2021-07-23 0.552459532239273 0.5190232785972214 0.6121813036160649 0.6098449846479315 71447400 0.0
2021-07-26 0.6051729349640746 0.59867848200994 0.6695808694825992 0.6409059296521109 72434100 0.0
2021-07-27 0.6674015030504871 0.5541853514572109 0.511363312652378 0.48054708545692715 104818600 0.0
2021-07-28 0.3518559575073197 0.3934406791339876 0.28986040948744973 0.3512502917163109 118931200 0.0
2021-07-29 0.3430704026949566 0.3633007023120415 0.4399823341423439 0.3989239451525071 56699500 0.0
2021-07-30 0.3203741534900391 0.34751264723270964 0.40539488533508994 0.4148147944811098 70382000 0.0
2021-08-02 0.46533519984424926 0.39200452770973676 0.4892866359375688 0.3902561086595976 62880000 0.0
2021-08-03 0.42506786619703024 0.47022387004529265 0.48413472236249977 0.5231644088180605 64786600 0.0
2021-08-04 0.5319596451532115 0.4522843359931016 0.5650839208194435 0.4935493929214854 56368300 0.0
2021-08-05 0.5107276509704042 0.4558729202559772 0.5569893865332729 0.5014953703109808 46397700 0.0
2021-08-06 0.4806565970132909 0.419303168119926 0.5333071054815086 0.4508557934835748 54067400 0.22
2021-08-09 0.4696578227068428 0.3898369649895242 0.5252003875702266 0.4472387598137878 48908700 0.0
2021-08-10 0.4872558196185596 0.46242532932626196 0.5089866746051223 0.41179249312010807 69023100 0.0
2021-08-11 0.45865995285773664 0.3912746837331994 0.5259370131711649 0.4306006260228452 48493500 0.0
2021-08-12 0.4689254718404786 0.5587294377149115 0.5487840546630863 0.6497948562226357 72282600 0.0
2021-08-13 0.672761627355081 0.586758270696577 0.7278740449479075 0.6649870609059739 59318800 0.0
2021-08-16 0.6412323413344371 0.7125285049368153 0.5952149623518865 0.8111154422554462 103296000 0.0
2021-08-17 0.7651475218014887 0.7477436913185473 0.7883070144818469 0.7438388370874857 92229700 0.0
2021-08-18 0.7336185378910558 0.6787494104998703 0.571629952472602 0.46677096272071517 86326000 0.0
2021-08-19 0.38387107998872 0.4832668494497777 0.45002706155249794 0.49136723385542197 86960300 0.0
2021-08-20 0.5605785932612356 0.5192015639164175 0.6180617554534286 0.5991563848456177 59947400 0.0
2021-08-23 0.6243688835450041 0.6406601217642532 0.6998682323376637 0.7091155349476082 60131800 0.0
2021-08-24 0.7079556726201381 0.6888113963175675 0.7927283008886593 0.7026033267114482 48606400 0.0
2021-08-25 0.7343513837890767 0.6500023741009902 0.6932345179552732 0.6114534149625831 58991300 0.0
2021-08-26 0.6273021273331613 0.5637597527307008 0.6718618535300046 0.5521338416879987 48597200 0.0
2021-08-27 0.5635111710997975 0.5371689260553558 0.6217471218011208 0.628816724208104 55721500 0.0
2021-08-30 0.6749611375213758 0.8778268731654973 0.7529314716210248 0.955797894497314 90956700 0.0
2021-08-31 0.9433210414026092 0.8282370330108149 0.950444874744199 0.8624779836366543 86453100 0.0
2021-09-01 0.9557856473824783 0.9849103253582039 1.0278293193711692 0.9116694204556799 80313700 0.0
2021-09-02 1.0320402800182014 0.9662247114968658 1.0322509639122943 0.9941382303069786 71115500 0.0
2021-09-03 1.0239748666213022 0.9597568772256616 1.0831037624957613 1.0411607734645976 57808700 0.0
2021-09-07 1.1126957152429928 1.1487712416604074 1.1789133922840942 1.2140565305109592 82278300 0.0
2021-09-08 1.2600733820081467 1.1329601378612046 1.1486965126682358 1.0997573821853799 74420200 0.0
2021-09-09 1.1508234015175638 1.0661223599308491 1.1464852562059176 1.024522639673655 57305700 0.0
2021-09-10 1.1148949300490356 1.0208445874061187 0.7595637439011995 0.6555818890042173 140646400 0.0
2021-09-13 0.7944770010207243 0.7290580723551923 0.7632493775730146 0.6975403639340568 102404300 0.0
2021-09-14 0.7739461735603398 0.7039040222147412 0.6276422603569225 0.5940912111674502 109296300 0.0
2021-09-15 0.6426984217020241 0.5867575150777379 0.5878439071281519 0.6599218872278064 83281300 0.0
2021-09-16 0.6339001821055241 0.5529791996625337 0.6504888584436144 0.6425596834326737 68034100 0.0
2021-09-17 0.6617633313695606 0.5421996132602873 0.5428876548151046 0.4450687607019932 129868800 0.0
2021-09-20 0.2936847601420497 0.25616120631234535 0.21197846348419855 0.219364533166819 123478900 0.0
2021-09-21 0.3032156800319251 0.2389131843572281 0.323263798823608 0.2548107998604987 75834000 0.0
2021-09-22 0.34134377277471206 0.37043218190822014 0.3910671829891544 0.42987766146904305 76404300 0.0
2021-09-23 0.502653421121175 0.4171481866901621 0.5340447024058291 0.5007724057571786 64838200 0.0
2021-09-24 0.4300645418025647 0.44517651127543345 0.5281481701202384 0.5072824030925623 53477900 0.0
2021-09-27 0.41613307137349964 0.3366550481212783 0.3999120377264992 0.3951532538787774 74150700 0.0
2021-09-28 0.25335681278280825 0.24969286315884404 0.2429316207646717 0.14485275520889643 108972300 0.0
2021-09-29 0.19616643221195526 0.22813298560510353 0.2679900916056157 0.21140750127344285 74602000 0.0
2021-09-30 0.2834202054250171 0.22310271828057995 0.2127155773406034 0.1151935212967983 88934200 0.0
2021-10-01 0.1543719311444966 0.11817366618355002 0.052788003552701294 0.1983852957018992 94639600 0.0
2021-10-04 0.1441065850161179 0.06714720970870228 -0.009119407859018687 -0.055532236637768816 98322000 0.0
2021-10-05 -0.02233421239061189 0.0693033518412659 0.0712127447530421 0.0869802164923045 80861100 0.0
2021-10-06 -0.023800971657968444 0.0628343319144968 -0.0017499827786469477 0.15136385799466825 83221100 0.0
2021-10-07 0.23942628490574672 0.21160340318639487 0.31884272510106315 0.24468376885532797 61732700 0.0
2021-10-08 0.3105487928450694 0.208727765024226 0.30705028653573335 0.21647046405083417 58718700 0.0
2021-10-11 0.18150228203896876 0.25400588118288264 0.2517762514622832 0.20996046671545043 64452200 0.0
2021-10-12 0.2518909534305551 0.14189062304429356 0.19502728485759138 0.11591648585060046 73035900 0.0
2021-10-13 0.10597981626359916 0.008932653924236837 0.059420471608356416 0.07251208181315652 78762700 0.0
2021-10-14 0.16977013419907097 0.18716816624443086 0.2296659301115005 0.27868410644140335 69907100 0.0
2021-10-15 0.2914856966960402 0.26047366769399244 0.3770647300961417 0.3568129180691129 67885200 0.0
2021-10-18 0.2680212502081133 0.39989847478279483 0.3512698893944015 0.480516132846061 85589200 0.0
2021-10-19 0.5290487702577586 0.5673528787653583 0.6011106029983094 0.6403896843208791 76378900 0.0
2021-10-20 0.6529645872445567 0.6090377175066651 0.7168187853449761 0.676561126469137 58418800 0.0
2021-10-21 0.6610289896455589 0.6011310232368567 0.698392853623522 0.6924751902558894 61421000 0.0
2021-10-22 0.7255536434615191 0.6399402718714103 0.7551422548995623 0.6353267215434877 58883400 0.0
2021-10-25 0.6514975886253126 0.5817270048216063 0.6799688878324763 0.6317096878737007 50720600 0.0
2021-10-26 0.6991577374018797 0.6873741009396582 0.7824108334669961 0.6809022301431144 60893400 0.0
2021-10-27 0.7013574447694281 0.607599863278298 0.7440881235119269 0.6469018925570389 56094900 0.0
2021-10-28 0.7350854352506693 0.8548277638613114 0.8347371759574383 0.9160105241296571 100077900 0.0
2021-10-29 0.544447323213571 0.6226924875722566 0.5907931080263514 0.7156255322829919 124850400 0.0
2021-11-01 0.6742279723957129 0.6054433427623298 0.6932348611574655 0.654858924450415 74588300 0.0
2021-11-02 0.6500317232333777 0.7398389193909285 0.755878871186154 0.7315407015201323 69122000 0.0
2021-11-03 0.7768795446766228 0.7685864181428633 0.8421085024714777 0.8378828179523357 54511500 0.0
2021-11-04 0.8641326490503596 0.8016447473150252 0.9025406662313844 0.799541376692283 60394600 0.0
2021-11-05 0.9031164763448074 0.8010795939978267 0.875935724536043 0.8386621604759297 65414600 0.22
2021-11-08 0.8678706890014427 0.7557369460903803 0.8833168627753638 0.7778071166123068 55020900 0.0
2021-11-09 0.7790206495653401 0.7456595818546953 0.875935724536043 0.8046120776223908 56787900 0.0
2021-11-10 0.7658038994778451 0.6520947253351419 0.7128231557606701 0.5952408795710501 65187100 0.0
2021-11-11 0.6879689388913665 0.6017122970792257 0.7002749955131095 0.5916183186493227 41000000 0.0
2021-11-12 0.6490503381547491 0.6715268180537787 0.6855138452380442 0.7452062792175366 63632600 0.0
2021-11-15 0.7915035092402114 0.7780485995136777 0.8294370312761896 0.7459303492217267 59222800 0.0
2021-11-16 0.7599294148467214 0.7499789229116862 0.8227946825829467 0.8183771458547221 59256200 0.0
2021-11-17 0.8377643754332 1.0026060123296094 0.9445767063102825 0.99877006743302 88807000 0.0
2021-11-18 1.036758480705273 1.2667491481049207 1.0966186939302502 1.3160862849792754 137827700 0.0
2021-11-19 1.326069285795318 1.4358876470083484 1.3534663125678312 1.5102442747899045 117305600 0.0
2021-11-22 1.6219895863724885 1.772723766232246 1.6833831454418136 1.5442943576434434 117467900 0.0
2021-11-23 1.580869314398 1.4920270002123313 1.5401976227461696 1.572548564112296 96041900 0.0
2021-11-24 1.553700803367008 1.5164977750488104 1.5830057468863625 1.6109452778917523 69463600 0.0
2021-11-26 1.467054676055533 1.3948621436966384 1.3409192785238468 1.2392928574203625 76959800 0.0
2021-11-29 1.4523679042560345 1.448123034426588 1.5202694504628644 1.487785944705738 88748200 0.0
2021-11-30 1.4978948800363991 1.7597690377531547 1.6036715825121692 1.854366558796632 174048100 0.0
2021-12-01 2.04788019836025 2.1038029605080766 1.9439213331990548 1.8159698450171757 152052500 0.0
2021-12-02 1.406108158506424 1.6647633026506439 1.4472013624300393 1.742797872929602 136739200 0.0
2021-12-03 1.7938151806135698 1.7194639737329236 1.588910432237104 1.6037001560482977 117938300 0.0
2021-12-06 1.8136403057448123 1.929626877717434 1.9254696138043292 1.8558158042554007 107497000 0.0
2021-12-07 2.1653676500959698 2.195929134905927 2.225125356582103 2.2803529712923805 120405400 0.0
2021-12-08 2.3893274747177853 2.5111740399980063 2.399309632716457 2.562896141431295 116998900 0.0
2021-12-09 2.5934610537649805 2.5680327342628404 2.6369678686168108 2.525223497656029 108923700 0.0
2021-12-10 2.6154900910208503 2.7753171757733175 2.6937994796895675 2.87948828897336 115228100 0.0
2021-12-13 3.0494568588776065 2.955251281742654 2.7557969865669873 2.610711292517165 153237000 0.0
2021-12-14 2.618426773114723 2.6392870355897236 2.5107587386308894 2.5085610439565484 139380400 0.0
2021-12-15 2.6081467051211007 2.765960250829111 2.5181387506666337 2.868621711658566 131063300 0.0
2021-12-16 2.9143470736918933 2.883996980415771 2.4030002018361176 2.358595644310062 150185800 0.0
2021-12-17 2.227781948470326 2.331959275089521 2.3247650917950526 2.277455585825231 195432700 0.0
2021-12-20 2.10662392422811 2.1239554925181925 2.1601760701311004 2.1767545827233836 107499100 0.0
2021-12-21 2.347472191887295 2.3125260841402566 2.2826946309973613 2.4114826017764277 91185900 0.0
2021-12-22 2.45614735645464 2.5039762364669818 2.506329379965151 2.60346617067371 92135300 0.0
2021-12-23 2.6624848476264624 2.575230537793865 2.73660760382976 2.6498320763008114 68227500 0.0
