2020-12-24 -0.9315517404049654 -1.077778817619688 -0.8819920509834349 -1.054666486351077 1451900 0
2020-12-28 -0.9309261248863329 -0.4470483476930676 -0.8586741956791618 -0.3598176241318692 5686800 0
2020-12-29 -0.20629550624403048 -0.15858251605282853 -0.17284012930981768 -0.122268660154839 4872900 0
2020-12-30 -0.012168536703903282 -0.2114513624089824 -0.16494100140470466 -0.34801427086568837 3209300 0
2020-12-31 -0.4246719436429533 -0.577399794574157 -0.42573873174379 -0.5286122840214598 2957200 0
2021-01-04 -0.4559222017443965 -0.6449245735523995 -1.03984809961534 -0.9676156125726745 4411400 0
2021-01-05 -1.1058650087025514 -0.9455734888618037 -0.9068897318687306 -0.7685335055136253 2655500 0
2021-01-06 -1.2279286999537697 -1.1055432651735437 -1.1211150063344473 -1.2689228087366955 4394800 0
2021-01-07 -1.1621780348370125 -1.0373376224115598 -0.9704622835207009 -1.1204234522156657 3514500 0
2021-01-08 -1.0184268475703737 -1.1480255420571008 -1.0513496618287421 -0.9921568909924255 3537700 0
2021-01-11 -1.218365937867747 -1.3598768367547798 -1.2548308881047698 -1.419856930843632 3683400 0
2021-01-12 -1.393429944787692 -1.4479316968751508 -1.4064941438829401 -1.3785162272572513 3514600 0
2021-01-13 -1.340679875326418 -1.1522918858550018 -1.1784932223342635 -1.0971308106242539 3321200 0
2021-01-14 -1.0964273697202553 -1.226185987014187 -1.1879089210852216 -1.3370520321164194 3070900 0
2021-01-15 -1.3745546668230997 -1.4453954415388188 -1.348546635266525 -1.4820539858484256 4244000 0
2021-01-19 -1.4746806158514443 -1.4302458449316229 -1.3433011206420358 -1.3789537837526522 3305100 0
2021-01-20 -1.0059893058816598 -0.5966919415640283 -0.8440762370388923 -0.4883342176381956 5309800 0
2021-01-21 -0.31217101447775786 -0.17156723756936992 -0.12007333778429506 -0.21600179915743054 4936100 0
2021-01-22 -0.24148256443833124 -0.33630004101570915 -0.16058105307270282 -0.30817376097782506 2821900 0
2021-01-25 -0.09029418195751124 -0.07671128799056179 -0.4134164007714975 -0.29712050456090294 3749800 0
2021-01-26 -0.29117016964132414 -0.2368048577175275 -0.1624123547960171 -0.09647874490674874 2955200 0
2021-01-27 -0.009106072445622204 -0.18412019180841674 -0.6413525247865774 -0.6806700268151924 4660200 0
2021-01-28 -0.6744237622470458 -0.4613947967770919 -0.504793265530098 -0.6491964508881661 3149200 0
2021-01-29 -0.705924266555942 -0.8614135922936567 -0.783726591284145 -0.8454062358659076 4293600 0
2021-02-01 -0.6286729571369105 -0.16099346829813915 -0.46472833338793385 0.008120126300450241 4160200 0
2021-02-02 0.23158347648735356 0.3181142227897045 0.3321347640008173 0.2399244461148649 7098600 0
2021-02-03 0.5128983609522054 0.3568238198604682 0.0003096800493113294 -0.18140586886601032 7088800 0
2021-02-04 -0.08091910452707829 -0.1811521691945904 -0.19476792323860118 -0.06606628159574703 3670700 0
2021-02-05 -0.1496696723502533 0.004356792548533241 -0.03703838407705122 0.06600869818328234 3620800 0
2021-02-08 0.09720736665114786 -0.06984679214871621 -0.028886237231227536 -0.11639899985068036 3257400 0
2021-02-09 -0.19035756943399268 -0.2368048577175275 -0.06781258414019373 -0.22842870854423497 2203500 0
2021-02-10 -0.18091993045169646 -0.3607869824176742 -0.3448513534357488 -0.3434557554606405 3151600 0
2021-02-11 -0.3184210660980465 -0.5212519323903171 -0.38238763896922534 -0.49614010354918064 2301400 0
2021-02-12 -0.5809232341501692 -0.5939096090730405 -0.4755973482495591 -0.3988470536867942 2335300 0
2021-02-16 -0.5556102199096985 -0.4204584279080608 -0.347441711981195 -0.45355076313446074 2574700 0
2021-02-17 -0.4959219217576402 -0.3424836730738133 -0.3100951906532514 -0.20569863958976714 3297500 0
2021-02-18 -0.3782970489056945 -0.2368048577175275 -0.21884483536500626 -0.08336424674145713 3027400 0
2021-02-19 -0.09198181796630989 -0.26463120197899603 -0.39698559760949476 -0.5725127693352905 4305200 0
2021-02-22 -0.8426136279195787 -0.8902906709087484 -0.8613910636949633 -1.0043962761669154 3515700 0
2021-02-23 -1.349491898790082 -1.0608976228751275 -1.3584668291004853 -0.9184690230753088 4677200 0
2021-02-24 -1.1012400315391984 -1.2680492968216155 -1.1576407589035003 -1.136846304370574 3011300 0
2021-02-25 -1.2888041416997207 -1.224578182292048 -1.6481442030442213 -1.7761178687384056 4533800 0
2021-02-26 -1.548431530149152 -1.5697489464846428 -1.718036057020282 -1.5527445155426916 4275900 0
2021-03-01 -1.3441177088958787 -1.4020481204244772 -1.3307257707290328 -1.220463808017817 2729100 0
2021-03-02 -1.2467414163664987 -1.315724858441471 -1.3994157847367177 -1.542752371741794 2595800 0
2021-03-03 -1.6360573759369195 -1.660400448973163 -1.9815506553751687 -2.1018413271806344 3988700 0
2021-03-04 -2.068435519778865 -1.9674186864635097 -2.2947989035638883 -2.2731332607269037 5481600 0
2021-03-05 -2.1121858811208853 -2.2712198048337835 -2.701951120321477 -2.130192548743267 5388600 0
2021-03-08 -2.0496853649179987 -1.927471155240489 -2.257640603643059 -2.433123430160256 4185000 0
2021-03-09 -2.0309977716089964 -1.764409562899697 -1.9174103539050185 -1.740584317385412 4030000 0
2021-03-10 -1.528118862383214 -1.6067269454180417 -1.7600588003561155 -1.7731205305155546 3012500 0
2021-03-11 -1.493368209160447 -1.511993279578664 -1.425894834001455 -1.4237278574701926 2776400 0
2021-03-12 -1.6746822677006807 -1.7148167130196381 -1.6624258880086022 -1.5742259476688203 2421900 0
2021-03-15 -1.6773693626477824 -1.8183306532852694 -1.747167176767224 -1.6229974887415566 2913600 0
2021-03-16 -1.4873684037476114 -1.5297410282298045 -1.4705711906179126 -1.5594252561797886 2538800 0
2021-03-17 -1.6858075426917756 -1.2567946637666432 -1.5062129196928973 -1.2854706770331468 3118600 0
2021-03-18 -1.5121809255731762 -1.6056762110644187 -1.791971585652456 -1.9582755344892822 3649600 0
2021-03-19 -1.9607472524326124 -1.8489393300377257 -1.844864886648334 -1.6649617484485608 4625400 0
2021-03-22 -1.7193695264291409 -1.5441478643456463 -1.5704797306334028 -1.440713282262045 2902200 0
2021-03-23 -1.3496795834456716 -1.2014514587817704 -1.1862658407690212 -1.2744174206162246 3817300 0
2021-03-24 -1.1994280983512913 -1.335574075799858 -1.4118661679777846 -1.5893376549246176 2959000 0
2021-03-25 -1.6872449324931211 -1.6480331848569547 -1.7152559342693026 -1.844184584047358 3563500 0
2021-03-26 -1.868058498618449 -1.9765084444278274 -1.9752313530510783 -1.8081524927152839 3312900 0
2021-03-29 -1.7969336436074885 -1.7626160680547194 -1.770170301194028 -1.6601532007604267 2746000 0
2021-03-30 -1.7058699642502606 -1.8754673531151196 -1.7350978647356423 -1.7877946812759513 2337600 0
2021-03-31 -1.7430574662126763 -1.5889791967669011 -1.5549977484990651 -1.54556218575233 3093900 0
2021-04-01 -1.4063054173394487 -1.322403664160478 -1.2197584516463842 -1.1276667654897068 2940300 0
2021-04-05 -1.0621772089123942 -0.8677829144745993 -0.9310298987303133 -0.7172021827134389 3334900 0
2021-04-06 -0.7449870891827459 -0.7975980867447994 -0.5784125204863838 -0.735373736262859 2537800 0
2021-04-07 -0.6821737652205434 -0.44945929993837824 -0.5366427960912608 -0.3883563699068161 3346200 0
2021-04-08 -0.2002957008311948 -0.3202838905019331 -0.10471786512031263 -0.26402324338090816 2812100 0
2021-04-09 -0.23904571569868258 -0.02532494326552563 -0.12430831944436053 0.1912154131129001 4341500 0
2021-04-12 0.07664445267775682 0.11590975642485886 0.2690682502302684 0.23611450297198375 3281800 0
2021-04-13 0.3618976631269752 0.34445655574425993 0.550150694181937 0.3648186206906249 3315800 0
2021-04-14 0.3818349615817338 0.17211800564051624 0.1101384138987618 -0.053576864138171025 3145200 0
2021-04-15 0.17533301190475584 0.12802943371061568 0.27444027432511287 0.23424231002302093 3233600 0
2021-04-16 0.23158347648735356 0.18862932981519515 0.2971271250760283 0.3613212179016015 3186000 0
2021-04-19 0.296146998010218 0.3687578070233864 0.3260052258822599 0.19002928435533248 2725400 0
2021-04-20 0.19158375647410983 0.04139668818954511 0.04694539065785756 -0.04302367228742139 2623000 0
2021-04-21 -0.1684198272111192 -0.08307910049570905 -0.030086534401184167 0.12764470513822404 2211200 0
2021-04-22 0.17958261975692963 -0.02118088320705497 -0.04500076671734191 -0.20319984134599675 2580600 0
2021-04-23 -0.1490440568316209 -0.008010471567675 -0.00044937677282062594 -0.004369291157125756 3192800 0
2021-04-26 0.03158182463811718 0.3225043600028312 0.14135539710814796 0.42102099924971687 4880700 0
2021-04-27 0.6282740697200923 0.5175982533711753 0.56519143596845 0.4736634669490139 3827100 0
2021-04-28 0.5740866104574727 0.7023644546229446 0.7357493439837138 0.7301340813247228 4631900 0
2021-04-29 1.0134655445420655 0.8542967169997856 0.7989423672246181 0.8101291660413991 7682400 0
2021-04-30 1.1385917000515648 1.0988596668329627 0.9727231811371048 0.7858363953176423 7009300 0
2021-05-03 0.8861512606088617 0.6823914438493319 0.40524952387410085 0.28045254478121534 5875500 0
2021-05-04 0.08276938119431898 -0.05141968938962957 -0.23028314284323048 -0.18552682777565727 5439400 0
2021-05-05 -0.025542975779057068 -0.13353850428234776 -0.27938270252686764 -0.4436211274043347 3711300 0
2021-05-06 -0.4559222017443965 -0.3827391781591029 -0.38782291779924744 -0.21987272578399128 4447700 0
2021-05-07 -0.14910661838348413 -0.2807711459079978 -0.12323298894634027 -0.3120446876043858 4710300 0
2021-05-10 -0.378921138532818 -0.5769046209132541 -0.7492867021775359 -0.9435103660612324 5838600 0
2021-05-11 -1.291678921302412 -0.8551680635279396 -1.1450638661920782 -0.7348126882130069 4619800 0
2021-05-12 -0.9871765894689306 -1.0410484055167404 -1.1088543872989136 -1.1842441924734282 4936400 0
2021-05-13 -0.984239248314376 -1.0664003911494901 -1.1094869346506901 -1.1247319353376275 3350900 0
2021-05-14 -0.9836761943476069 -0.9116857962816614 -0.793521818446169 -0.7411199050125664 3325000 0
2021-05-17 -0.6063613714943664 -0.516614208346739 -0.46750845613891306 -0.4445587484659081 3723900 0
2021-05-18 -0.31479554787299624 -0.39757929122823465 -0.4941757268107644 -0.6825437443512472 2828400 0
2021-05-19 -0.9246760732660443 -0.875264867716778 -0.7872025161220785 -0.6855410825740981 2679700 0
2021-05-20 -0.6159241335803891 -0.721107343217465 -0.45746175283459745 -0.5863758397627488 2633200 0
2021-05-21 -0.5809232341501692 -0.7395963426841645 -0.7049883311737253 -0.8648889343144384 4104900 0
2021-05-24 -0.7965500150501272 -0.7318049059039214 -0.6197410045336823 -0.6031737403422864 2422800 0
2021-05-25 -0.4767353619252405 -0.5965681481488025 -0.5991400172452107 -0.5153727697146251 3261100 0
2021-05-26 -0.42723391548632844 -0.49818710558765233 -0.3163512382421642 -0.47721845315050193 2384000 0
2021-05-27 -0.5434229244284374 -0.7169013864513815 -0.4962615902732083 -0.6960942744248477 2561200 0
2021-05-28 -0.6309236471124783 -0.7933936396545113 -0.5616037317117342 -0.7400572678094499 2329800 0
2021-06-01 -0.6215485696820454 -0.7749046401878118 -0.6288404296087519 -0.7676599171099154 2430000 0
2021-06-02 -0.7490490123793301 -0.873718959702252 -0.6355392603439083 -0.6718655363589544 2014500 0
2021-06-03 -0.8669882188821009 -1.0008547971390636 -0.7870127519165455 -0.9652418304704472 2398300 0
2021-06-04 -0.8184251957211375 -0.9602898085157097 -0.6936132784306788 -0.8452812197243645 2249700 0
2021-06-07 -0.9101129647054889 -1.0406770252710633 -0.8617705921060294 -0.8965500344537792 2215800 0
2021-06-08 -0.7521114766376111 -0.59836164299378 -0.5722829823678264 -0.48377417764605574 3416700 0
2021-06-09 -0.43798382116624385 -0.48674678240984154 -0.23931931318312247 -0.37736562156066555 2455500 0
2021-06-10 -0.38085902074906963 -0.15641764096217392 -0.17328291245606134 0.05039692636131235 3476500 0
2021-06-11 0.04189379945498988 -0.060076170400657165 0.15721690765355167 0.032787945448836425 2817400 0
2021-06-14 0.024269752527662305 0.05382584901336621 0.17017178597762084 0.2640922006970786 2569700 0
2021-06-15 0.2565836829685081 0.1279675370030028 0.3446484019770618 0.25946965263416716 2426200 0
2021-06-16 0.3065840959308172 0.3095196384862898 0.32834410828541444 0.46005042880464186 4202800 0
2021-06-17 0.3764592457960217 0.7476290639974895 0.5840860882055436 0.9220963666641822 5136500 0
2021-06-18 0.856526076964354 0.808228960102069 1.0435623133424115 0.9074831993874651 5247700 0
2021-06-21 0.8342129654303011 0.653638158649466 0.7926230649005277 0.7017828597620905 3277100 0
2021-06-22 0.7194628721810467 0.9119904871981517 0.932217008647116 1.0232603431531293 3345100 0
2021-06-23 1.0128399290234331 0.8947998089155267 1.1035324306860927 1.0131447077977807 2813300 0
2021-06-24 1.0293393939087312 0.9186692929171586 0.7727178796990104 0.6713094129674093 3832000 0
2021-06-25 0.756587812591599 0.5474037826004599 0.5409880143716896 0.3739356515007206 3941000 0
2021-06-28 0.4565853348177445 0.44339466867392585 0.6631406219918516 0.6388982159788097 2242800 0
2021-06-29 0.5992119400423537 0.4930494152615974 0.723300503541066 0.6654382280761586 2098400 0
2021-06-30 0.6132119946361398 0.5893289891155012 0.7989423672246181 0.6156055743873977 2404000 0
2021-07-01 0.57289946686358 0.49904735719686294 0.637294120078891 0.5707064845283142 2037100 0
2021-07-02 0.6793365031725676 0.837415522255225 0.8110749339913776 1.0578562734445496 3169400 0
2021-07-06 1.1697793966011447 1.9118834890584289 1.392956785689118 2.086734544583144 6744800 0
2021-07-07 2.3402251597124097 2.213149861768166 2.340282841686083 2.216874823342439 5328100 0
2021-07-08 1.878847447744589 2.372625974094799 1.9750916563275691 2.4343769916469022 5180600 0
2021-07-09 2.372351279539938 2.2984842861051624 2.4318494706502163 2.3590044549931375 3748200 0
2021-07-12 2.5066022662724174 2.3559304694730767 2.4532727694959973 2.35407089116346 2571600 0
2021-07-13 2.244725713738927 2.453570261218668 2.2923203244372248 2.0968517045255846 3845900 0
2021-07-14 2.2869135621758754 2.110872345978997 2.226030904769453 2.1238277485312427 3296600 0
2021-07-15 2.1953493904037416 1.9732246359785672 1.9738265616240158 1.8085949738689917 3185300 0
2021-07-16 1.8147844186366302 1.668125196424219 1.65495481319816 1.4490866654682808 4043700 0
2021-07-19 1.1852168409962767 1.0754234597846208 1.2043882489308289 1.2989651482813747 3784600 0
2021-07-20 1.4023435732494436 1.3338376850409193 1.3234444601241233 1.4463393595285163 3255700 0
2021-07-21 1.4589678812517117 1.2995182251832824 1.4854706928824974 1.5213383723447438 2319000 0
2021-07-22 1.526781551688447 1.630775817245143 1.7295861439172884 1.8512468223544831 3265400 0
2021-07-23 1.8565968977623992 1.7921073211243657 1.9809049207702383 1.9674599980284564 2436300 0
2021-07-26 2.0639106217220906 2.0763687056743168 2.1402142855128106 2.2371076186402283 2900100 0
2021-07-27 2.2222249175492843 1.9923944992290084 1.754104296391518 1.7785575589826192 4131900 0
2021-07-28 1.817721759791185 1.7445540432439406 1.8479465530236285 1.8031003619894623 2999400 0
2021-07-29 1.7800337654138634 1.6179752761756445 1.7153044589529074 1.6132603018820522 5520000 0
2021-07-30 0.03126901687880097 -0.05043085174361927 -0.01005483972931159 -0.08736018950956098 9957100 0
2021-08-02 0.06345769825819277 -0.10744375815824381 0.053264692981947984 -0.06306894337289615 3353900 0
2021-08-03 -0.013918734264565163 0.09092764136199094 -0.05561676263825652 0.15399719302325837 4157300 0
2021-08-04 0.22752155329076948 0.0778176167544284 0.23374433762959107 0.08205802650065326 2183900 0
2021-08-05 0.08295706584990871 0.0785603772457827 0.20442191087869688 0.21488310312894135 2433500 0
2021-08-06 0.20033321838591037 -0.008010471567675 0.12934933981174374 0.020984592182655595 2635300 0
2021-08-09 0.004144769417313959 -0.13242587322111174 0.1260631791793432 0.0018144340879826721 2148200 0
2021-08-10 0.012894231329114506 -0.11313221655544506 0.04062608833376714 -0.13051210256122492 2412600 0
2021-08-11 -0.07185683485596153 -0.2386602492701178 -0.19451490429789053 -0.3089223332399918 2947200 0
2021-08-12 -0.33092116933862376 -0.3820583143753615 -0.24582837971274588 -0.23779577163741697 2314100 0
2021-08-13 -0.23298334873398366 -0.4342478066235694 -0.16159158603712645 -0.29730802877321766 2052800 0
2021-08-16 -0.37467153068064424 -0.4717828759254841 -0.6157605846127464 -0.26595946898773454 3319700 0
2021-08-17 -0.40904681459223174 -0.5924255977661274 -0.5238144272375469 -0.6220953907409651 3387900 0
2021-08-18 -0.6309862086643415 -0.7556109835221451 -0.6860936789366318 -0.8765047633683045 2804300 0
2021-08-19 -0.9308010017826064 -0.8860862238184603 -0.7969344885489248 -0.9606208069946278 3782900 0
2021-08-20 -0.8692373829661598 -1.0418515530399122 -0.8392735055606468 -0.8844356654208326 3341200 0
2021-08-23 -0.8190508112397699 -0.589890852105591 -0.6228374009605498 -0.4727834292999052 3268100 0
2021-08-24 -0.39342168554151014 -0.3759984757324831 -0.21479961791047375 -0.2235576527853293 2551800 0
2021-08-25 -0.2067319112155643 -0.34192660270529757 -0.1416864008356092 -0.2647733402301669 1680300 0
2021-08-26 -0.274670704756026 -0.2739066500661522 -0.07944065582395093 -0.159736912527567 2098800 0
2021-08-27 -0.0607315598648667 -0.14825482393625375 0.032726960428654105 0.05027191021976923 2391300 0
2021-08-30 0.09051938416781655 0.42484377249961347 0.29478824267287373 0.49951741485496776 3192200 0
2021-08-31 0.5115860942545862 0.5953888277583796 0.5498992180396453 0.806881795535462 4356400 0
2021-09-01 0.9590888747323474 0.9319016012641514 1.05323103103408 0.8581506102648767 3629900 0
2021-09-02 0.9488394614673379 0.8388995335621382 0.9253284137064266 0.7589853674535275 2923700 0
2021-09-03 0.6815871931481354 0.6577807090321413 0.8080417922996878 0.8522184418899466 2575700 0
2021-09-07 0.84408853527564 0.9386423036907713 1.06397353642535 1.0473030815938 2737900 0
2021-09-08 1.054402161941749 1.0471019418622494 1.1823339455316901 1.1485295661535186 3053400 0
2021-09-09 1.144216136153221 1.0740632418929335 1.0856498542118418 0.8903727584540697 2719200 0
2021-09-10 0.993027753672401 0.817194924651161 0.9753135396825511 0.7966396194514782 2393300 0
2021-09-13 0.8740890882313272 0.7523286847486805 0.8179002741968894 0.7218281308475653 2569000 0
2021-09-14 0.8287762139842346 0.6833817911711377 0.8160674296751561 0.6770540571300248 1936900 0
2021-09-15 0.6223368258591199 0.6747856971919275 0.5904686452648118 0.838105339179402 2957500 0
2021-09-16 0.7313373599029915 0.7188757787976235 0.8693387162836811 0.9158516579353941 2583600 0
2021-09-17 0.9091510233219015 0.7489273851815641 0.907191275493046 0.7552379323814179 4616600 0
2021-09-20 0.33158430241197173 0.26406933898890633 -0.02250368017195945 0.08836524330021281 4669100 0
2021-09-21 0.20033321838591037 0.021052297170255283 0.15051807691839528 0.012803657847041239 2780900 0
2021-09-22 0.05033197949898309 0.0785603772457827 0.20524422243600648 0.24023698646872269 2411400 0
2021-09-23 0.23189628424666975 0.3256580727394961 0.45169701307553306 0.4647339603512328 2379400 0
2021-09-24 0.3691471736855668 0.32751346429208644 0.5360587734230888 0.5241837094162619 2116200 0
2021-09-27 0.17845803771490015 0.24285990373883193 0.19614479736093685 0.40103823623501367 3634500 0
2021-09-28 0.09226958172847842 -0.04393773614745085 -0.11672392241671685 -0.15998694481065323 4430800 0
2021-09-29 -0.13023134041889173 -0.1545622494095836 -0.06762281993466074 -0.2526574466101283 2562300 0
2021-09-30 -0.1684198272111192 -0.29956811923696613 -0.21852856168911794 -0.3530728508369087 2842400 0
2021-10-01 -0.33710865940704915 -0.41507945304892385 -0.3325922771986339 -0.3641886153246024 2835600 0
2021-10-04 -0.3972348884221501 -0.5955174137951794 -0.8361771091337793 -0.9479438653247371 4523100 0
2021-10-05 -0.8653005828733022 -0.7146142276212966 -0.6705484420671163 -0.7529842417624268 3269200 0
2021-10-06 -0.8088624336351148 -0.6922906516341907 -0.6948135756006354 -0.4968886758113474 2533000 0
2021-10-07 -0.3212958457007378 -0.31255435042930296 -0.16121205762606047 -0.2444780368616059 2409100 0
2021-10-08 -0.16216977559083057 -0.3392680636295355 -0.12873152251154005 -0.33071630571997823 1995500 0
2021-10-11 -0.4246719436429533 -0.5176030459927493 -0.4453276432694189 -0.594992806006672 2034200 0
2021-10-12 -0.5371728728081487 -0.6725652276910294 -0.4568292054828208 -0.5885605730655694 1819600 0
2021-10-13 -0.4577349608569216 -0.5436374050850358 -0.30004694455051684 -0.3578188904542713 2420100 0
2021-10-14 -0.253108331844332 -0.393868508123054 -0.11242722881989267 -0.2605258405918848 2109500 0
2021-10-15 -0.197045551917324 0.21101329283411843 -0.028886237231227536 0.42114601539125995 5175100 0
2021-10-18 0.28383457942523044 0.45062903508565316 0.4836097983718735 0.6566962456906922 3174100 0
2021-10-19 0.570899023095465 0.48476280482045153 0.7167914370114425 0.6405219012317782 2386100 0
2021-10-20 0.6857116778965827 0.535284105314703 0.5801056682846077 0.4588643000470742 2139800 0
2021-10-21 0.44564774448223937 0.3956572103464575 0.5967246928537245 0.5834459342689764 1881400 0
2021-10-22 0.48783559291918765 0.33110045398204135 0.14363102477612485 -0.03765255196234323 3139100 0
2021-10-25 -0.049668846425635106 -0.17620496161294802 -0.068698150432681 -0.13244680358095928 2226000 0
2021-10-26 0.04101946362041337 0.24626120330594828 0.22375934626203411 0.21538316769511381 2698300 0
2021-10-27 0.28158388944966267 0.3753747160347805 0.3973503959689878 0.31792079715394334 2702200 0
2021-10-28 0.36971022765233597 0.6350872624751536 0.4892965533441873 0.6556351330746677 5708700 0
2021-10-29 -0.2682955300320109 -0.009123102628911021 -0.22276200055076445 0.192651574153554 6469500 0
2021-11-01 0.11783284217640214 -0.0026918837403554657 -0.10459135564995731 -0.14655990629150384 3608900 0
2021-11-02 -0.1746073172795446 -0.27934752163290205 -0.15811566119919293 -0.180032215896128 2627600 0
2021-11-03 -0.21217018855313965 0.11516699593350456 -0.06983519286745997 0.26490328103001687 3397200 0
2021-11-04 0.16908296028446718 0.7564712351313557 0.35659120453828835 0.8456611928073008 5353000 0
2021-11-05 0.8378384836553513 1.174609159544738 1.0642265553660606 1.1078764513456252 4993500 0
2021-11-08 1.1268408095418376 1.2534504682855658 1.1329813669073423 0.9204726814112136 3074000 0
2021-11-09 1.0769029581313916 1.3447828345578272 1.2187331886303876 1.4653235179979665 4294900 0
2021-11-10 1.3807812003377495 1.4170072342872606 0.976452124915749 0.8771972768050985 4027400 0
2021-11-11 1.0628403419857422 1.0323237255007305 1.004129928552024 0.8175600035277547 2264400 0
2021-11-12 0.8878388966176605 1.0168027486478575 0.8750902687895915 1.146343308263606 2688500 0
2021-11-15 1.2128415808726696 1.3454621886657734 1.3727985815468902 1.2745473614160747 2929700 0
2021-11-16 1.2253416841132467 1.2379913881403055 1.3686268546220024 1.2434488339136778 2217100 0
2021-11-17 1.3860928286800895 1.3044654327649248 1.496277995807364 1.2952802212800367 2560300 0
2021-11-18 1.3962812062847445 2.027640900025043 1.5951744600600115 2.213627452836502 5703500 0
2021-11-19 2.310912783827218 2.3859820758570174 2.320124637543855 2.0919181406959075 4936700 0
2021-11-22 2.0839730432805754 2.0849013932701186 1.6362499251665994 1.4424684329019555 4842200 0
2021-11-23 1.5130943048539771 1.513472498264003 1.3848046388432944 1.489116224155551 3690200 0
2021-11-24 1.373279917680196 1.4676508185209425 1.4425639260525955 1.4914259735999145 2328000 0
2021-11-26 1.6197205517100635 1.5904584154522403 1.2359215058161035 1.0177657312736001 2991300 0
2021-11-29 1.2793414587202767 1.3585722132733358 1.4087550414993442 1.3737766368852875 3265600 0
2021-11-30 1.3784679488103184 1.2953137780929942 1.15920585443295 1.0334400111663415 4001100 0
2021-12-01 1.2628419938349786 1.135218698690233 0.8406503796829825 0.6378371033627851 3745800 0
2021-12-02 0.7315876061104445 0.719802719736021 0.7278502160786008 0.598121609616465 3236300 0
2021-12-03 0.7003373480090013 0.5786314264290447 0.18976224030166874 0.3010603885036341 4032600 0
2021-12-06 0.31283414755110583 0.6036120318161173 0.19032999011984875 0.5357370303993565 3443000 0
2021-12-07 0.9315892579596808 1.0740632418929335 0.9992006876034231 1.1347290037968318 3320500 0
2021-12-08 1.1254034197404919 1.034550497298998 1.1781637614052212 1.1339163988768017 2262700 0
2021-12-09 1.0753404452263196 1.0085161382067116 1.1009420721406464 0.8857517349782502 2303100 0
2021-12-10 1.0337156507561405 0.8795883156007178 0.6409598091223575 0.6410844738687222 3031400 0
2021-12-13 0.6065865737046717 0.40629287632530114 0.4678115425616474 0.3108025000214455 3108500 0
2021-12-14 0.05033197949898309 0.0846202158886611 0.1278327689658988 0.25135275095641635 2798800 0
2021-12-15 0.1813328173175915 0.5918018380684248 -0.029518784583004165 0.7788431143266875 3789700 0
2021-12-16 0.777651218979896 0.6618009756753861 0.3452794065304195 0.22381260972672243 3043800 0
2021-12-17 0.07039440105746819 0.2577000168079636 0.023374516412873792 0.36700487858053743 4277100 0
2021-12-20 -0.03716874318505783 -0.11628592929210999 0.02166818136149586 3.224622699434347e-06 2868600 0
2021-12-21 0.08789485077257815 0.23519226037381463 0.02767121000969797 0.4169000403400699 2797800 0
2021-12-22 0.2653331448803086 0.400109244267197 0.38825097089391813 0.4943338187422043 2751800 0
2021-12-23 0.41008531697675915 0.3908337961800408 0.5967246928537245 0.49826877802662856 1837500 0
