2020-12-24 -1.4475320521322153 -1.5244121072479102 -1.4167714034470864 -1.4850611791277604 6702000 0
2020-12-28 -1.45152045099426 -1.326646895775497 -1.4321340362035524 -1.2128743614974205 23299700 0
2020-12-29 -1.2176531902574417 -1.2346423688473054 -1.130007178406482 -1.2191120067126713 16383000 0
2020-12-30 -1.1891676074519728 -1.3042908436035574 -1.2600187215136192 -1.3583242381354668 11803800 0
2020-12-31 -1.358657172868912 -1.3326655974068253 -1.3140714003938028 -1.3217489154979483 12900400 0
2021-01-04 -1.2794672874421484 -1.392568341371585 -1.4452202731935617 -1.441397662621004 15106100 0
2021-01-05 -1.464338441670122 -1.467088806839434 -1.3595897656262825 -1.3838415630131147 9871600 0
2021-01-06 -1.6435130009236008 -1.6003653053523115 -1.5928699766330168 -1.6010239269975277 24354100 0
2021-01-07 -1.532419401844472 -1.489731755412344 -1.4571691804909475 -1.4470685638196108 15789800 0
2021-01-08 -1.4637690429659738 -1.565970975233566 -1.502687545723429 -1.4802408265831408 18528300 0
2021-01-11 -1.686810773835954 -1.7230371332390846 -1.709795282750144 -1.7844664189437223 30412300 0
2021-01-12 -1.796480441499209 -1.8305183215049774 -1.8691086928732246 -1.9474948779361911 26383500 0
2021-01-13 -1.9411872543096507 -1.9958961656392122 -1.9004026232324684 -1.9319007648980646 19528900 0
2021-01-14 -1.8884891869128322 -1.9649415309375862 -2.0309828311859164 -2.102017417759772 29739400 0
2021-01-15 -2.045159892342911 -1.998475609195495 -1.9584381265133455 -1.9398395074212886 24942900 0
2021-01-19 -1.788789647093692 -1.7594371141121732 -1.8002624801781908 -1.663683318529337 28028500 0
2021-01-20 -1.446108120716341 -1.5267046544032237 -1.490738638426043 -1.4827924725451016 25199900 0
2021-01-21 -1.4367073915763773 -1.4326944767206886 -1.380072986571369 -1.3299714626585155 20838700 0
2021-01-22 -1.3583720388613378 -1.2931123801755129 -1.2517683061937719 -1.2837563001897985 21954000 0
2021-01-25 -1.1837552771740538 -1.2463937503931408 -1.265707974548551 -1.1842377813831266 19087000 0
2021-01-26 -1.1837552771740538 -1.0947733759011593 -1.0864804424220007 -1.069693191442033 19373600 0
2021-01-27 -1.0587040206997647 -1.1503770472721133 -1.3621500597205927 -1.3506684349915439 35346200 0
2021-01-28 -1.211102062571223 -1.054647240552056 -1.4594447080667994 -1.5531076672208353 37758800 0
2021-01-29 -1.549510925389953 -1.6344727390700884 -1.7396662487077024 -1.742221060365638 30389500 0
2021-02-01 -1.7141575592331233 -1.7029736282224581 -1.7379593859781624 -1.6378821890143465 22914300 0
2021-02-02 -1.586541835312663 -1.5688373151908197 -1.5001272516291189 -1.4941342749423145 17320800 0
2021-02-03 -1.5403953302575633 -1.5588055626825064 -1.4839111875078828 -1.5063257607354739 14223400 0
2021-02-04 -1.5007999528886822 -1.5886139238064758 -1.479359264165574 -1.510862308642751 16060000 0
2021-02-05 -1.5067825511817496 -1.5596653772012676 -1.4318492696850942 -1.4652138901906784 12454400 0
2021-02-08 -1.4512353169866858 -1.5398896432697606 -1.4509103944190986 -1.5083106626807903 13755200 0
2021-02-09 -1.5170369437224391 -1.4387131783520168 -1.4295737421092423 -1.426937470245186 14613400 0
2021-02-10 -1.3458383128820515 -1.4269626714903305 -1.3735294339810618 -1.3583242381354668 14687200 0
2021-02-11 -1.3617901697082342 -1.4332682695226289 -1.3516241168248937 -1.4002857920762086 12828600 0
2021-02-12 -1.4008161483729655 -1.5020560550759705 -1.355891273648744 -1.3971674020976035 9097600 0
2021-02-16 -1.3928402199598742 -1.3467095261079742 -1.3072439494756407 -1.2987832365822611 15417200 0
2021-02-17 -1.380306493980588 -1.4220898060945844 -1.3206149529841082 -1.3101241737214333 12763200 0
2021-02-18 -1.4278769304515617 -1.4799860246208516 -1.4216080933078534 -1.4286385675531599 15249100 0
2021-02-19 -1.4196167373418949 -1.5281382617239252 -1.5888875863276248 -1.6506412840821925 25622600 0
2021-02-22 -1.7588792635613504 -1.73450161838395 -1.6634234861528931 -1.6855155094117356 17434900 0
2021-02-23 -1.714726957937273 -1.6086774288231023 -1.7365368556717773 -1.5287246956345169 21924600 0
2021-02-24 -1.6341131410946355 -1.6396316261826538 -1.6389570067118098 -1.5726711515205765 15736100 0
2021-02-25 -1.6349676738063597 -1.6235811720430124 -1.7627101978424007 -1.8454247131675594 19053100 0
2021-02-26 -1.8010382390654038 -1.663421285675295 -1.6935792186289085 -1.762351288682022 26619500 0
2021-03-01 -1.6771257799994144 -1.6318932955138032 -1.6528975432571942 -1.555659313182796 22157300 0
2021-03-02 -1.5358375326913685 -1.630173666476281 -1.6315608909473376 -1.7232243200825428 15191700 0
2021-03-03 -1.692223104113873 -1.7941183406318888 -1.7325540312710836 -1.8250106802138337 15513500 0
2021-03-04 -1.8010382390654038 -1.6364792645085793 -1.7780723965035643 -1.761783679407337 31626500 0
2021-03-05 -1.681398443558035 -1.6662867509483994 -1.7180452639746886 -1.5735217001745618 26820100 0
2021-03-08 -1.542389529688586 -1.6625614711565337 -1.7339765615774672 -1.8278461308131368 18391800 0
2021-03-09 -1.666871387458725 -1.5780092531803716 -1.5985600978585555 -1.5321268902504643 22039700 0
2021-03-10 -1.4543683138260082 -1.5653980571157748 -1.511506625889588 -1.5559431178201386 14210300 0
2021-03-11 -1.4694665072514654 -1.3094497307161244 -1.3706843733682932 -1.3013348825442217 21834000 0
2021-03-12 -1.4401255224232736 -1.5433289013448053 -1.4787905993192623 -1.4567084036508093 20600200 0
2021-03-15 -1.4418354571577205 -1.3650534020870784 -1.3513393503064353 -1.305020881797512 16844800 0
2021-03-16 -1.2424363775194385 -1.1879237390649333 -1.1721118181798833 -1.1482300680202933 22437700 0
2021-03-17 -1.2529759040677022 -1.0706976946916973 -1.1547575561754186 -1.0141211285214191 21315000 0
2021-03-18 -1.1344757752796317 -1.1005060558156667 -1.0731094389135314 -1.166943003666046 18728300 0
2021-03-19 -1.096020064630049 -0.8823913176098064 -0.9900383572499575 -0.8411698903184491 38930500 0
2021-03-22 -0.8330978223836117 -0.684339209736423 -0.8321474774332618 -0.7439192128363955 28273100 0
2021-03-23 -0.756187270395445 -0.7333503866741085 -0.7450940054642976 -0.8264258933052885 23000900 0
2021-03-24 -0.8174310995650033 -0.9133455149693578 -0.9911765551331859 -1.0671406802220316 18675000 0
2021-03-25 -1.102856326323842 -1.018247259678969 -1.0881873051515392 -1.1635408090500983 24505600 0
2021-03-26 -1.1791983489188576 -1.120282664431323 -1.0876186403052275 -1.0421909646190686 17629200 0
2021-03-29 -0.966411010589565 -0.871499750582732 -0.8904673131372941 -0.8210387967440245 21718800 0
2021-03-30 -0.8507596139442413 -0.8918492773161792 -0.8335695736443436 -0.9009938312509568 17474500 0
2021-03-31 -0.8462018163780465 -0.7763428619804655 -0.7792329964363083 -0.7158502419967868 19498200 0
2021-04-01 -0.6066379606667333 -0.6072393007122906 -0.5519259367923595 -0.5987531408356916 17616000 0
2021-04-05 -0.5357082683496367 -0.3673414284522814 -0.4358549302306067 -0.3081371921969414 28237000 0
2021-04-06 -0.30924840663275827 -0.3507171815106997 -0.30584338712346953 -0.38327187415925407 17335200 0
2021-04-07 -0.3804623636464305 -0.267598570855239 -0.2987311696868507 -0.18962279836521498 22855200 0
2021-04-08 -0.13804977579237074 -0.22087994107286701 -0.1692891596166303 -0.19160770031053134 20894100 0
2021-04-09 -0.23632538419563787 -0.2535546421540901 -0.16132351081524143 -0.20748518535698077 15988600 0
2021-04-12 -0.2462955120397517 -0.32778821122096896 -0.22960062456866104 -0.23356925425127315 10881900 0
2021-04-13 -0.21325213166808796 -0.262439683742672 -0.19005627888957 -0.28403715998992474 14036900 0
2021-04-14 -0.35311644756026 -0.4458740701129661 -0.3997243100105959 -0.4808054910206096 17421400 0
2021-04-15 -0.3804623636464305 -0.38539753334626603 -0.33855941369379505 -0.3390416136358534 14558300 0
2021-04-16 -0.32833326029826315 -0.41950496706404133 -0.32405108049270415 -0.38554058074191294 13059200 0
2021-04-19 -0.41834780628086465 -0.45533202981933896 -0.43926865568968854 -0.4972505853417441 14553500 0
2021-04-20 -0.5043748227124198 -0.5298524952871879 -0.5345725429785 -0.4856258435652292 16796400 0
2021-04-21 -0.5055136201207195 -0.6192767039749469 -0.5294510865992746 -0.5190819109661019 14863500 0
2021-04-22 -0.5231754116813492 -0.5923346828082312 -0.5678572343951372 -0.6594284956802268 16375400 0
2021-04-23 -0.5963826988150451 -0.6017935171987534 -0.5362794057080401 -0.5287217507973004 17536800 0
2021-04-26 -0.46591911206283715 -0.5097898649547108 -0.4108197859432133 -0.4745678458053587 16172600 0
2021-04-27 -0.4391425946808165 -0.5229739791370985 -0.4236221246053675 -0.45954090941289616 15309300 0
2021-04-28 -0.3514073821368118 -0.3630414811743263 -0.3024296616643893 -0.3594556465895799 33907200 0
2021-04-29 0.29692476069517953 0.2356999367564487 0.1595797051973753 0.2759301556798623 56526800 0
2021-04-30 0.18355269748845257 0.17866353274894425 0.24179735549617923 0.15032670272085738 26332400 0
2021-05-03 0.18440723020017669 0.1422626771917063 0.16612325778768242 0.07944476402847929 18719500 0
2021-05-04 0.00922020049774411 -0.040024998258856456 -0.08195092112920604 -0.04020398309457658 24032600 0
2021-05-05 -0.04290803353942451 -0.07241280293911104 -0.04297610848703175 -0.13490214935662884 15577600 0
2021-05-06 -0.14745050493233475 -0.0959155660307805 -0.07768376430535576 0.006861728028127359 19012200 0
2021-05-07 0.07644662796037 -0.018528760605677867 0.07821635445394648 -0.01978995014085006 15916700 0
2021-05-10 -0.15229256719510517 -0.25814061114886616 -0.3177922944208554 -0.3914944213198213 24239200 0
2021-05-11 -0.5396966672116817 -0.4799815038307414 -0.46401903345862355 -0.3756169362733719 18920100 0
2021-05-12 -0.5288720066558438 -0.5338655461641729 -0.5066923380783365 -0.4884612941645325 24645500 0
2021-05-13 -0.387868893355372 -0.42208528530447414 -0.37639689664334597 -0.4116246496362053 18079200 0
2021-05-14 -0.2893081509445306 -0.19307810538739006 -0.19688459799833552 -0.10881721520429581 19245700 0
2021-05-17 -0.1750815550260795 -0.22661262098737436 -0.12576242363214735 -0.12242685892612705 15401300 0
2021-05-18 -0.11697072269584334 -0.20310985789570327 -0.17611661053479236 -0.27836712404935887 14522400 0
2021-05-19 -0.44170619281598883 -0.2558471893094035 -0.3536372799318028 -0.17544641062673935 19106200 0
2021-05-20 -0.17422702231435538 -0.12429031983404847 -0.08081272324597762 -0.033115789225338775 17320200 0
2021-05-21 -0.011573718591209004 -0.10480060761936237 -0.005423392055940805 -0.10059466804372856 13600900 0
2021-05-24 -0.04233863483527467 0.06774308640800664 0.05773313350886009 0.13756847291105373 16445400 0
2021-05-25 0.21032834555947452 0.1603196567698402 0.2503316691438798 0.22716334724918455 16437000 0
2021-05-26 0.24650559208145917 0.1789495544657651 0.2793500719272718 0.22347734799589436 9686900 0
2021-05-27 0.2365354642373453 0.2921634226461654 0.3060920789442069 0.3677928713426113 20477700 0
2021-05-28 0.32199221265375194 0.2660812159982108 0.35075614462131327 0.253815025418162 12037400 0
2021-06-01 0.2977792934069037 0.2245223480125551 0.3026783534851267 0.2651559625573343 11765900 0
2021-06-02 0.30433129040412105 0.23741956579397266 0.31633325532144757 0.26572270657397873 11654300 0
2021-06-03 0.17329743563676445 0.10872903627587131 0.21277982090339229 0.17754599016451986 12610800 0
2021-06-04 0.17671556648366094 0.2543298344523752 0.2611423785580372 0.29974638324953645 13289400 0
2021-06-07 0.2786944397413988 0.4042305799068343 0.36782564010731944 0.47638362070579665 20136700 0
2021-06-08 0.48436038236932405 0.4217137666830279 0.4619913295129041 0.3941607448742462 14580500 0
2021-06-09 0.4570135969721549 0.37872129137667077 0.39826613910179315 0.2969109326502332 13727900 0
2021-06-10 0.3160104836716831 0.2967493916409414 0.357014930693162 0.35957032418204404 13240200 0
2021-06-11 0.3669990509895534 0.26493450507847943 0.36782564010731944 0.325547512764527 13587900 0
2021-06-14 0.3476290633164742 0.3792950841786111 0.39286078439471284 0.48177071726706067 12250800 0
2021-06-15 0.49262057547899096 0.46814637474857906 0.5413639191989396 0.48120397325041625 15795200 0
2021-06-16 0.48436038236932405 0.40021752902984936 0.361851620553929 0.3204433555825648 17232200 0
2021-06-17 0.30746428724344327 0.4125427033776252 0.4025332959256434 0.474399584018521 17794100 0
2021-06-18 0.4225462851846172 0.36009139368074583 0.3698172693553179 0.28018289894979687 23039500 0
2021-06-21 0.3245558107889243 0.2675148233189123 0.3314111215594553 0.3547508368954651 11337500 0
2021-06-22 0.3701329171398743 0.46814637474857906 0.47223337408074983 0.5458482667275435 15345300 0
2021-06-23 0.5598470029416168 0.5684621504634125 0.6315472182991323 0.5900785272509441 14817800 0
2021-06-24 0.6310609599552891 0.6108808329678294 0.7336785565061059 0.663512111905283 12329100 0
2021-06-25 0.6521400130518165 0.5885247807958895 0.6736509898819285 0.6121936575126445 14594400 0
2021-06-28 0.6484367481973456 0.9903616764571636 0.7331090234691892 1.0167883173338848 29156100 0
2021-06-29 1.041822577195991 0.9502346664239107 0.9402167604959049 0.9104654092953176 21417300 0
2021-06-30 0.9250323831423676 0.8407478274036746 0.8867336146526396 0.7919501502055505 15107500 0
2021-07-01 0.7726343412709094 0.8909057152610913 0.867672489918635 0.9813473479876957 17137000 0
2021-07-02 1.0084949321277517 0.941636521236299 1.0417794338565667 0.9901366391649074 11521300 0
2021-07-06 1.0483745741932085 1.0089915741530884 0.9439152524734434 0.9356989295356231 13488500 0
2021-07-07 1.0130527296939467 0.9430692538728512 0.9672435340312984 0.8707708314211533 14218900 0
2021-07-08 0.7415851603302681 0.7091900832441702 0.7555838736622724 0.7335435019436742 14406500 0
2021-07-09 0.729905967062706 0.7774049506797208 0.8326800675818525 0.8687867947338777 13018700 0
2021-07-12 0.898255865760347 0.8771478082767632 0.9570023576540577 0.9464731226581511 10018600 0
2021-07-13 0.905946660165864 1.0003925542813275 0.933104543059286 0.9161354452358834 11456000 0
2021-07-14 0.9931124740057172 0.9060963548819715 0.874216042508942 0.7896823088809323 13894200 0
2021-07-15 0.8412847001494091 0.734986268175304 0.6890136226383945 0.699803629905459 14781600 0
2021-07-16 0.718226773795144 0.642121926728351 0.6867380950625427 0.6062398169347362 11026100 0
2021-07-19 0.5091427003203222 0.46442022027256424 0.5274242508441602 0.4868748744490228 14372300 0
2021-07-20 0.5441794108120097 0.5693219649821737 0.5262860529609318 0.6204162046732118 11024300 0
2021-07-21 0.6210908321111752 0.6573125663492312 0.7183159237496398 0.7499885962648087 9279700 0
2021-07-22 0.7686459424088643 0.801194610172362 0.8309732048523124 0.8906181203582355 12385400 0
2021-07-23 1.173996098682646 1.4830546387585994 1.1717909769637038 1.4179799172811367 33694300 0
2021-07-26 1.4209656147919019 1.4575462249125868 1.4855819755397017 1.4936813432600937 14925200 0
2021-07-27 1.4873375095428036 1.4205724512375562 1.3811742415662729 1.3618411103438786 15705400 0
2021-07-28 1.5628241301150965 1.5466835371993757 1.448882690473381 1.5169308268131234 29676900 0
2021-07-29 1.1765596968178185 1.2018839202297553 1.158988638301548 1.0927735479501843 33413200 0
2021-07-30 0.9771606171795362 1.0645952455240424 1.050883280541184 1.0355003877215967 15966700 0
2021-08-02 1.0939516805441585 1.026474760929282 0.9882954198226964 0.9121665066032915 13180400 0
2021-08-03 0.9409842399685503 0.8651095303299575 0.9018114808906473 0.8920354130288668 12406100 0
2021-08-04 0.9321537788437348 1.0574298329729828 1.0102016051694696 1.1097853862879632 14180600 0
2021-08-05 1.13781972147166 1.1554521868483536 1.1635405616438566 1.2246137808663995 10247200 0
2021-08-06 1.1879537560778062 1.1912792496036513 1.2915604755029952 1.2399245218962045 8918100 0
2021-08-09 1.2551801835404321 1.209336229181785 1.2730688838059074 1.1860535562835646 7798900 0
2021-08-10 1.200202348049518 1.1611848667628608 1.224421559632804 1.172444777819774 7469900 0
2021-08-11 1.207894011766034 1.1113130006222651 1.1894291372960202 1.1392716497982032 8400300 0
2021-08-12 1.1039218083882723 1.129656876601369 1.169514581197247 1.2155406850518453 7170700 0
2021-08-13 1.232676329717032 1.1772353209025024 1.2938368712694521 1.2305676214443095 7192500 0
2021-08-16 1.2198574697301716 1.242870744781771 1.1771963316707825 1.3264001409976895 11222100 0
2021-08-17 1.2329614637246062 1.1775222173034725 1.1114795120116732 1.0964595472034746 12328700 0
2021-08-18 1.0412531784918413 1.0396588751116698 1.1137550395875249 1.0114012207726208 10042400 0
2021-08-19 0.9016739966072435 0.974024325916552 0.9956924037777736 1.002044320320724 12004500 0
2021-08-20 0.9942521407250173 1.0433850295876845 1.0614092234368815 1.1225436160977669 8693500 0
2021-08-23 1.1321222571861669 1.2067567856255033 1.2261284223623443 1.2353879739889275 10942000 0
2021-08-24 1.2523314513976855 1.2718184167028284 1.3040780476466929 1.296630072850107 9235100 0
2021-08-25 1.3075935515851749 1.354937027358289 1.4053559544888963 1.378286204665013 9684500 0
2021-08-26 1.3867834370119385 1.314237973891396 1.3692262024594906 1.2645912981198657 7888700 0
2021-08-27 1.2933507601824406 1.4374827198959588 1.3678032380578038 1.4985016958047133 11214200 0
2021-08-30 1.5058529645041587 1.659610508978804 1.5510140286803529 1.7261744482743102 13547300 0
2021-08-31 1.7163618387058548 1.696011364536042 1.7865706354535453 1.6898829302741343 12345400 0
2021-09-01 1.706106576854165 1.7410094905967424 1.7868554019720022 1.7655843562530928 11567200 0
2021-09-02 1.7605141443299304 1.6670628179308338 1.6517232706762448 1.573636377767026 14832900 0
2021-09-03 1.5682364603930155 1.5355059484554787 1.6246964971408513 1.6014224092273328 7509600 0
2021-09-07 1.6004253080529551 1.7017431697664 1.6258346950240796 1.7692703555063831 10793800 0
2021-09-08 1.722343567687922 1.6418404258016404 1.6724912581397895 1.6385644758814975 11067200 0
2021-09-09 1.6505602119701 1.612032064677671 1.7231302115608929 1.650755961674655 9098900 0
2021-09-10 1.7565257454678855 1.7255328292590413 1.7712088708876828 1.6703194459743962 11537600 0
2021-09-13 1.7656413406002769 1.6670628179308338 1.6599736859960919 1.6085106030965706 13026300 0
2021-09-14 1.6437230809653083 1.5764918983233434 1.6815942366338017 1.6090773471132152 8711600 0
2021-09-15 1.6323290217053206 1.546970433600344 1.4699354444553825 1.5350770184422318 17940300 0
2021-09-16 1.5124049615013762 1.4323238327833916 1.5279705136409563 1.5106931815978726 11934200 0
2021-09-17 1.4730947181400693 1.3707014597811096 1.296965830210074 1.2742311379510642 26299000 0
2021-09-20 1.1281338583241218 1.073193390711654 0.9615534128057612 1.0184894146418586 19822800 0
2021-09-21 1.1053457398041462 1.044818636908386 1.1148932374707534 1.06895732038051 11751900 0
2021-09-22 0.7843135345384714 0.7524694549514975 0.702384626146862 0.66436266055927 43692900 0
2021-09-23 0.7310447644710057 0.7475974642399007 0.7681014458059715 0.7423327931208858 21806300 0
2021-09-24 0.6706554680131714 0.8817337772715392 0.7501785189551953 0.9408022214595445 18801900 0
2021-09-27 0.85780595567974 0.9046627475612701 0.8841724523677243 0.9583808038139677 15205800 0
2021-09-28 0.8053925876349988 0.7455909388014083 0.6520304392442187 0.591779624558918 21710300 0
2021-09-29 0.6680918698779991 0.6203396673583516 0.6508922413609902 0.5622924957906373 14452200 0
2021-09-30 0.5911813178898324 0.5506911926020994 0.6301242538974455 0.5560557158334271 16547100 0
2021-10-01 0.6242238289504974 0.614320091042874 0.6440647904428298 0.658692624618704 14905300 0
2021-10-04 0.45103186799008604 0.35407269204941766 0.1905897372287658 0.18293308672578387 42885000 0
2021-10-05 0.25305671976767785 0.3322895579952689 0.28902258345820075 0.37374671192051967 35377900 0
2021-10-06 0.28610010013934156 0.3093605877055381 0.27878053889035503 0.39302725684095746 26443000 0
2021-10-07 0.49290570948656526 0.4371913027048783 0.3692486045090062 0.26770760851929504 28307500 0
2021-10-08 0.33652013806406067 0.281271855619091 0.3615668540354707 0.2912400314516267 15934300 0
2021-10-11 0.22599593768908163 0.197006534043899 0.26484087053557415 0.1608179564640835 14708200 0
2021-10-12 0.09496208292172503 0.02274408566315696 0.03895677529331382 0.11318463606669452 31658700 0
2021-10-13 0.20719534872015233 0.09783746924879694 0.18945153934553735 0.135016826949093 14761500 0
2021-10-14 0.24678985677803472 0.19872616308142135 0.3157645904751359 0.24814412421955545 14302200 0
2021-10-15 0.25590545191042446 0.15716729509576566 0.18518438252168706 0.14125447216434392 21575100 0
2021-10-18 0.2635971156269402 0.35263995941286547 0.32714396473560503 0.44122645599695015 21585000 0
2021-10-19 0.568392330058858 0.5409463364947564 0.6053738761285088 0.5730666889131653 18786300 0
2021-10-20 0.676638066306239 0.5845126046030539 0.6671083054822264 0.5954656238122081 13639500 0
2021-10-21 0.5863383863160633 0.5366472639009489 0.6201669758480581 0.6266538498884626 16354400 0
2021-10-22 0.1895344264705214 0.17321774923540706 0.14535527032413767 0.13700086363636868 35224500 0
2021-10-25 0.01719612891083545 0.17121122379691295 0.10581179283565169 0.25268067212683254 38409000 0
2021-10-26 0.2439419939462868 0.1898411214928395 -0.18209063008818113 -0.1125032144575876 65654000 0
2021-10-27 -0.15685036476130004 -0.12429031983404847 -0.11210665360522303 -0.21428957458887604 29971800 0
2021-10-28 -0.19103341185226216 0.05541791206023078 -0.22448003638004072 -0.08103118374398895 50806800 0
2021-10-29 0.01406313207151325 0.06917581904455881 0.10239806737657146 0.10751460012612868 37059400 0
2021-11-01 0.18070396534570593 0.2827054629397925 0.2844706601158921 0.28925599476435104 31518900 0
2021-11-02 0.3328168732095899 0.32111196925137364 0.22188279939740452 0.2353850291517111 28353000 0
2021-11-03 0.2220075388270366 0.24544479286379337 0.20481417210200342 0.3357540966123699 20786500 0
2021-11-04 0.4077340950777329 0.39219230196002863 0.4736554702918316 0.4556866483727683 22495300 0
2021-11-05 0.5871929190277857 0.6650517717022311 0.6725136601893051 0.6053892682807492 26852100 0
2021-11-08 0.7042691163999838 0.6077284712937548 0.6355296086045242 0.5342235249510285 18342500 0
2021-11-09 0.5783624579029719 0.5079856136967108 0.5254326215961618 0.4420770046509371 17556700 0
2021-11-10 0.364435452854381 0.2752531539877628 0.27053099176111284 0.22291060397925 21872600 0
2021-11-11 0.2883794335779384 0.2543298344523752 0.3129195298623674 0.22574518932051257 12376600 0
2021-11-12 0.29863382611862777 0.5237491714353837 0.3920073530299444 0.5985848790488539 25387200 0
2021-11-15 0.701989782961387 0.8616702722549129 0.7737915670315086 0.7876974069356143 25076600 0
2021-11-16 0.6874618575510782 0.6610387208252461 0.7075052143354824 0.6572744666900321 18181100 0
2021-11-17 0.6991410508186403 0.679668618521171 0.6855998971793142 0.5951818191748657 13602800 0
2021-11-18 0.5703865294898806 0.5409463364947564 0.54904480148187 0.536208426896345 17487200 0
2021-11-19 0.6410310877994029 0.8172450643120035 0.6799097759537772 0.7236198574751331 26488500 0
2021-11-22 0.8361566345680658 0.8668291593674798 0.6972640379582418 0.6019870736648015 27116800 0
2021-11-23 0.5478826756664805 0.510565057252996 0.4978371832144566 0.4953803609888919 17225000 0
2021-11-24 0.46442012668109633 0.5214566242800703 0.4782073936341386 0.6034043663354313 13566200 0
2021-11-26 0.4587226623956031 0.4059502089443567 0.45231881798197515 0.37828325982779676 14750700 0
2021-11-29 0.48977271264724304 0.48964261240175766 0.5493295680003267 0.5174954912505922 16650900 0
2021-11-30 0.43593454387562747 0.3503465375734012 0.2113568565017055 0.13274812036643413 25390000 0
2021-12-01 0.3017676922689487 0.19815324496363035 -0.1624608405078648 -0.2602209324202506 30329600 0
2021-12-02 -0.23632538419563787 -0.25756681834692585 -0.25036774384160077 -0.26617477299815895 24396200 0
2021-12-03 -0.1699534894447361 -0.2819293959573581 -0.46942438816570226 -0.3668276450961602 27448700 0
2021-12-06 -0.32947292701756153 -0.0999277422236162 -0.2748342232826841 -0.054096566195709676 21758300 0
2021-12-07 0.0533733754328201 0.08465335506640921 0.14222631138351582 0.0859662138810711 18794000 0
2021-12-08 0.15107871582093868 0.2626419579231661 0.20111568012446482 0.3057002238274432 19937700 0
2021-12-09 0.280403505164847 0.3595184755629548 0.34136839960884263 0.28471944685707395 16879200 0
2021-12-10 0.3664296522854019 0.32799048540146303 0.29499660301159114 0.2827345449117576 14520900 0
2021-12-13 0.320568281237878 0.5016800156644141 0.3866019983228657 0.4171264237899335 22948700 0
2021-12-14 0.23795939565321927 0.3471941758993283 0.3314111215594553 0.39586184218222004 20461000 0
2021-12-15 0.364435452854381 0.5309145839864432 0.22700425577662992 0.6204162046732118 24681300 0
2021-12-16 0.5493074763933532 0.5982696369032326 0.504664634132617 0.4287511655664483 22635000 0
2021-12-17 0.37326591397919645 0.3876063329652526 0.4196027914116496 0.397280000110892 39711700 0
2021-12-20 0.28723976685864 0.1809560799042576 0.18575304736799877 0.1608179564640835 17901800 0
2021-12-21 0.19124349189396964 0.35579232108694 0.22046070318632277 0.4089047418874069 16116800 0
2021-12-22 0.4017514967846653 0.31308674218155297 0.34876538356391984 0.30258183384883974 16764600 0
2021-12-23 0.2963553619910297 0.3749960115848052 0.3516095759860833 0.43839100539764686 13977200 0
