2020-12-24 -1.982116199090069 -2.019384133092818 -1.9561839133599128 -1.9877831138655067 346800 0
2020-12-28 -1.9381382955843176 -1.900841520890573 -1.9103294042612113 -1.8888819078084007 1393000 0
2020-12-29 -1.8425554007097227 -1.8963044380616145 -1.884360661494343 -1.935012786347411 1299400 0
2020-12-30 -1.9107099528721285 -1.9687767658222364 -1.965527890303821 -1.9860036248300477 1306100 0
2020-12-31 -1.9810057307251332 -1.9851156344838796 -1.939385942427712 -1.9531782279804717 1011900 0
2021-01-04 -1.922527195123575 -1.9805571991544426 -2.0127800638956623 -2.0159608964297226 1901900 0
2021-01-05 -2.0085531559210947 -2.0149580185618015 -1.9857197714816286 -1.982285468563391 1145300 0
2021-01-06 -2.0676926154434287 -2.0140835366103844 -2.036339533341875 -1.9972375206319646 2602100 0
2021-01-07 -1.9687389440295262 -1.9070114229606716 -1.9350467157416158 -1.8592433167920477 2265000 0
2021-01-08 -1.842053253433977 -1.8501891839598923 -1.8379202446808935 -1.8062340598844218 2050600 0
2021-01-11 -1.8471028025493952 -1.8913351288593327 -1.8725674408199542 -1.9137665496143383 1209700 0
2021-01-12 -1.9320973605877358 -1.9344684739169513 -1.9662996766723881 -1.9673334164948173 1357000 0
2021-01-13 -1.972651884722595 -1.9689356154848876 -1.932491209214284 -1.9464856115388587 1094100 0
2021-01-14 -1.9328905983793698 -1.942498955233295 -1.944763424881207 -1.9842507195258525 1179500 0
2021-01-15 -1.973682964765016 -1.9928811506806485 -1.9763091771880126 -1.9948475783529698 1342200 0
2021-01-19 -1.9365124485565501 -1.8516864471752672 -1.923307113909675 -1.84965599136927 1734600 0
2021-01-20 -1.7271054167673592 -1.6014057009977642 -1.6995046652338912 -1.594594815647342 2490300 0
2021-01-21 -1.5511938027443526 -1.5188488460793086 -1.5355730160353527 -1.5830422392621026 2063900 0
2021-01-22 -1.5573270347337775 -1.582217567613172 -1.5498151554775403 -1.5570154695873508 1272100 0
2021-01-25 -1.4912611054303846 -1.5328424984383904 -1.5876967051855904 -1.5613975707519159 1927300 0
2021-01-26 -1.5754101455622642 -1.5449807479149797 -1.5431998901702044 -1.5140185536108803 1313100 0
2021-01-27 -1.592091697509927 -1.637741186357574 -1.7435091617868017 -1.7436105696309092 2748300 0
2021-01-28 -1.6941121462769206 -1.6143391693558125 -1.6539562709811653 -1.6577759158737073 1773100 0
2021-01-29 -1.688216433821525 -1.724458867164737 -1.7403147786276372 -1.7304645903290585 1612600 0
2021-02-01 -1.6686533439399727 -1.551892811138076 -1.631887405355002 -1.556218930224968 1602200 0
2021-02-02 -1.48626448186331 -1.4634575481333267 -1.4626848614625008 -1.4867436453341032 2273700 0
2021-02-03 -1.0885470582014054 -1.037448634721929 -1.1861198470046466 -1.1081355511386621 4118200 0
2021-02-04 -1.099412931449704 -1.1380273235670193 -1.1216706483077197 -1.1285849243175068 1852300 0
2021-02-05 -1.096478145250713 -1.0745262812347356 -1.0771068909799444 -1.0339598086917552 1535100 0
2021-02-08 -1.0015432656265661 -1.0187716672578842 -1.0433783643414898 -1.0474779602313007 1241900 0
2021-02-09 -1.0739008808476544 -1.067582836306391 -1.025968163717339 -1.0724420290391854 889900 0
2021-02-10 -1.0324743760321626 -1.0589952488411978 -1.06709739046432 -1.0409182624460074 1135500 0
2021-02-11 -1.018462659825016 -1.0757983726268823 -1.02921584075627 -1.0395637889189264 945700 0
2021-02-12 -1.0429433076678862 -1.0578027440417441 -1.0137495668928642 -1.0177327100980476 855700 0
2021-02-16 -1.005640477588562 -0.9415610255274302 -0.9572327072514011 -0.9704869358051762 1133800 0
2021-02-17 -1.0171672747576364 -0.9919697498390145 -0.9717149941152188 -0.9534629736572405 1070900 0
2021-02-18 -0.989699560600948 -0.994420758075765 -0.9589634584930807 -0.9829689702091186 1121600 0
2021-02-19 -0.9662232073095688 -1.0002648727521986 -0.9757347824853985 -1.0256209460628474 1457400 0
2021-02-22 -1.1044092323000207 -1.1039183216662007 -1.0696268999771315 -1.121919539990847 1367500 0
2021-02-23 -1.2154179882161564 -1.1288573951796836 -1.2296716705422246 -1.106037381519881 1667400 0
2021-02-24 -1.1709511688217449 -1.0791112454284035 -1.1335434848390764 -1.0414758724188602 1248300 0
2021-02-25 -1.1032196983293279 -1.094748393278865 -1.1783730616403205 -1.210940999581272 1828400 0
2021-02-26 -1.1479772855228694 -1.1580106758330704 -1.1922957627665918 -1.1963342118272846 2083500 0
2021-03-01 -1.132115111424254 -1.1169045242299764 -1.112326671363812 -1.0777535882224536 1404500 0
2021-03-02 -1.0801138238763521 -1.0695964418060657 -1.0453482881167548 -1.0928116510242383 1134600 0
2021-03-03 -1.1038541594759317 -1.1116091041112948 -1.2084282101270767 -1.2232904395207396 1484200 0
2021-03-04 -1.2197536878624555 -1.1096957906593226 -1.1810884498069512 -1.1638537551004502 2118000 0
2021-03-05 -1.088229504911345 -1.0331813698535632 -1.1114879426828548 -1.0059677880545415 2195200 0
2021-03-08 -1.0141802084438183 -1.0048233080816353 -1.1775213344521038 -1.2300358992330358 1647400 0
2021-03-09 -1.096478145250713 -1.1393790015518588 -1.1077213002415653 -1.154266753869517 1697300 0
2021-03-10 -1.0918252150311119 -1.1474360117324334 -1.146215079641565 -1.1480785799382291 1268600 0
2021-03-11 -1.0857445858732726 -1.0130660203118267 -1.0423670804766556 -0.9894223330693563 1239100 0
2021-03-12 -1.0568227100041747 -1.1069924346896436 -1.1084664396702493 -1.1297805438406936 1725800 0
2021-03-15 -1.1168344729238995 -1.1684792244767837 -1.1192214045772393 -1.1176434495594927 1298100 0
2021-03-16 -1.0727113468769616 -1.0187373738480245 -1.0487025529152183 -1.0485134289832148 1491600 0
2021-03-17 -1.0805365828295825 -1.0552585612574508 -1.0912960615050473 -1.0523375959830825 1299000 0
2021-03-18 -1.120271406398636 -1.146110862611825 -1.1457357596863496 -1.1980339496689518 1361400 0
2021-03-19 -1.170369310506726 -1.2054772843968975 -1.1879831830203795 -1.179496659990041 2314900 0
2021-03-22 -1.1709247060475731 -1.192517610697353 -1.165648497920747 -1.1917397650044528 1954800 0
2021-03-23 -1.144857905338193 -1.154586511210873 -1.1306418930559452 -1.1535762252403448 1367000 0
2021-03-24 -1.10871814645539 -1.138928657905402 -1.1244256819214942 -1.1745566246607784 1154000 0
2021-03-25 -1.1630726846040225 -1.190185011781438 -1.2064849332916947 -1.176415864890029 1418900 0
2021-03-26 -1.1788028675485376 -1.2110696983858718 -1.197726539099853 -1.1998131145125661 1493500 0
2021-03-29 -1.2078305945143224 -1.19135163476213 -1.1934672532334065 -1.1456354701967064 1229800 0
2021-03-30 -1.1291809706587794 -1.158620192664913 -1.1178370635540407 -1.1467241064111482 1036600 0
2021-03-31 -1.125241244474781 -1.0988642495074739 -1.0839883007234306 -1.111960366522219 1459900 0
2021-04-01 -1.0225869799946998 -0.9673749045150647 -0.977119123508597 -0.9283925699243002 1699000 0
2021-04-05 -0.8772101801982309 -0.7172659489095936 -0.8314221052571796 -0.6952149921020894 2164900 0
2021-04-06 -0.6933145535775732 -0.7163387327524491 -0.6632311701921945 -0.6973397454521345 1353000 0
2021-04-07 -0.6837182480559988 -0.670382328313378 -0.6351992393604698 -0.6311313417801298 1289900 0
2021-04-08 -0.5466952942620681 -0.5935107384087047 -0.5490808791356274 -0.589276229480629 1358300 0
2021-04-09 -0.6029002903021691 -0.580166072655077 -0.559638266732264 -0.5349922502397136 1044400 0
2021-04-12 -0.5776528674418364 -0.6165280868791176 -0.6002326049054927 -0.6175600227780562 1565900 0
2021-04-13 -0.5902898102590887 -0.611519307903224 -0.5533131930995093 -0.584415945345158 1165500 0
2021-04-14 -0.5540977712614585 -0.6094519976296184 -0.5716820336340908 -0.6174271041217367 1011000 0
2021-04-15 -0.5492860643968274 -0.533635091839492 -0.5269320726898147 -0.5063628684358555 1373600 0
2021-04-16 -0.4804970510878175 -0.5340511420760893 -0.4778165630822409 -0.5034412515315823 1129800 0
2021-04-19 -0.509630629150289 -0.5022210343172546 -0.4687787009843076 -0.4911187195152234 1234400 0
2021-04-20 -0.4675696631881932 -0.5256757855247435 -0.5117316182998777 -0.5144099584045495 1088700 0
2021-04-21 -0.5274226494628879 -0.5635221220547781 -0.5467112512621148 -0.5153125085001439 1196500 0
2021-04-22 -0.5063260095464108 -0.5411485838260671 -0.5523552031144414 -0.5826899479640716 1054800 0
2021-04-23 -0.5321285052308324 -0.4826880256976604 -0.49442800543525967 -0.45685877375293005 1433500 0
2021-04-26 -0.4357394638942758 -0.4417675761441829 -0.39957724803309574 -0.42647681083672156 1041700 0
2021-04-27 -0.39325509354543314 -0.4518653677341321 -0.42505367233748875 -0.4785828692650639 1598600 0
2021-04-28 -0.20516931253642054 -0.14727194840754887 -0.23716284959449002 -0.2852692174323177 2986400 0
2021-04-29 -0.19674898688169495 -0.18930013980403507 -0.16414178528490378 -0.15253340531314116 1977700 0
2021-04-30 -0.21218840202707978 -0.2141602737702942 -0.16446154856350176 -0.20503757132675288 1957100 0
2021-05-03 -0.2168677950208526 -0.2338783373940359 -0.21147389969639468 -0.24474199492863397 1689400 0
2021-05-04 -0.3040568270148936 -0.3410562429779378 -0.40527449376518865 -0.35341628833552025 1756000 0
2021-05-05 -0.3075466860379735 -0.3332645214396725 -0.2995628336218652 -0.3468034230876989 1090300 0
2021-05-06 -0.35455167273555893 -0.3319128434548331 -0.3237134101857301 -0.2814444020487607 1030900 0
2021-05-07 -0.22405856982686959 -0.24259792213491482 -0.19683238111864101 -0.23539359889538683 1163600 0
2021-05-10 -0.290442052420322 -0.34439564464369 -0.34396638434766014 -0.38685278681232155 1300300 0
2021-05-11 -0.5099475370068328 -0.4928123461518406 -0.48167646981312157 -0.47422767602360727 1605500 0
2021-05-12 -0.5896553491124846 -0.5898924601457932 -0.6226342323175139 -0.6592822164212375 1746700 0
2021-05-13 -0.5912941048105798 -0.6131330393030274 -0.5889057056790593 -0.5984917068575565 1333500 0
2021-05-14 -0.5100269253293478 -0.49509188733929355 -0.48082441766222334 -0.45457516639899076 1331200 0
2021-05-17 -0.46378871364922475 -0.489260713572241 -0.4497313383707499 -0.4406323235429118 992100 0
2021-05-18 -0.39085988976613784 -0.4367587971682892 -0.4280088829630679 -0.4883831887297976 865100 0
2021-05-19 -0.5825439626289827 -0.5066998830539988 -0.5335340145272092 -0.47436059467992686 967500 0
2021-05-20 -0.4142988079135669 -0.3911996786472129 -0.38027706445332954 -0.3485294204687853 1191600 0
2021-05-21 -0.31397068582652815 -0.36824832881464276 -0.3236276200378136 -0.3777164122454964 1141600 0
2021-05-24 -0.31130052736925395 -0.23711162360286434 -0.27640209338585536 -0.21420052962484196 1062200 0
2021-05-25 -0.17118465616481848 -0.1989210588832966 -0.1622518023292882 -0.20782626957470654 941900 0
2021-05-26 -0.1901268390036109 -0.17227443237699838 -0.13689561421705093 -0.14286600450472706 1092800 0
2021-05-27 -0.1264006061971051 -0.1800771536882375 -0.16488724967626936 -0.2252483393079116 1948100 0
2021-05-28 -0.1660031158953001 -0.21150997552907722 -0.14974008916609857 -0.20121340432688523 1205400 0
2021-06-01 -0.16589726479861336 -0.18545474858148808 -0.1572207300942744 -0.15274542677956313 958300 0
2021-06-02 -0.13070952035247443 -0.17477655720580357 -0.15903077223024048 -0.1753993045022446 857900 0
2021-06-03 -0.237224122694039 -0.26026161639443196 -0.2159193891793419 -0.21967094281200425 917300 0
2021-06-04 -0.16452249140871875 -0.14334697059230908 -0.12290597077839024 -0.09445119441993279 1297400 0
2021-06-07 -0.08838392664866185 -0.1058688029341622 -0.0608712448050233 -0.056393665389035716 1192500 0
2021-06-08 -0.012827542920381947 -0.03564884045129331 0.011449849888607633 -0.01188277349790084 1253000 0
2021-06-09 0.0389891506418347 -0.007807768009134126 0.06226946379797788 0.010823623303619117 1006300 0
2021-06-10 0.024475287158942323 0.0405867037573066 0.08002542471524662 0.09102868567792005 1561700 0
2021-06-11 0.10619168836757642 0.050472264433408395 0.09144591319395258 0.07065841530917782 1262000 0
2021-06-14 0.07570979968938199 0.053758608370698686 0.09850020308399778 0.10547597104432403 1127500 0
2021-06-15 0.12078494017298384 0.07763782140588239 0.13052527534601893 0.08853176009018009 1109100 0
2021-06-16 0.10627107669009146 0.05969525054920594 0.05073978785828727 0.07065841530917782 1315800 0
2021-06-17 0.06796395205927609 0.09536816134871139 0.12341769157620738 0.1064848560649741 1287800 0
2021-06-18 0.07761382856271025 0.05256610357124485 0.074861117780817 0.06380694486367065 2665300 0
2021-06-21 0.07943782368000708 0.08690092434076087 0.10314586957875023 0.1109470326151757 1312800 0
2021-06-22 0.11697817329336009 0.09926402211784405 0.15065086413680018 0.13986818707924759 1049200 0
2021-06-23 0.1222655646595652 0.12714521137908416 0.16265693536757272 0.11129197273791724 984700 0
2021-06-24 0.14888776090979253 0.11333726106961876 0.20035195649644058 0.15487308241850445 946700 0
2021-06-25 0.1437849635292728 0.11172094148793907 0.17287896147689932 0.13962893349787237 1674200 0
2021-06-28 0.14605882580748822 0.10281565469744365 0.147845136344712 0.13030712119588914 1405500 0
2021-06-29 0.1340298813626683 0.08495267043346 0.11926466850661195 0.08776212865090527 1047500 0
2021-06-30 0.0748668635169865 0.0213455126442526 0.08308657317499538 0.05044829571170847 1200300 0
2021-07-01 0.03236700276375066 0.05646196434037752 0.08799870906857946 0.10635258579234388 856000 0
2021-07-02 0.13757266593409162 0.18290758990156436 0.1901825743415173 0.23120016194672055 1058000 0
2021-07-06 0.27557345150534174 0.23784822067835473 0.27749939693573905 0.28707786829609205 1067500 0
2021-07-07 0.3227107520737856 0.27788933543939726 0.3494292365608416 0.30335813435232745 834000 0
2021-07-08 0.2121512178850521 0.24569299994508192 0.25785345306285473 0.25552751797164996 989000 0
2021-07-09 0.24887186693259938 0.23599314131859667 0.3059576788055944 0.2766408360484031 755300 0
2021-07-12 0.2958768536301848 0.28478489900303233 0.34091066482794846 0.32919881790823197 847200 0
2021-07-13 0.35128861187865174 0.35220897801414863 0.3961224743404996 0.35206471709733544 830900 0
2021-07-14 0.4052203910740537 0.4027762284656496 0.4632604142641738 0.4098545069466408 895600 0
2021-07-15 0.4368653509487693 0.3815207848074519 0.39404596280570187 0.3665126508474288 829300 0
2021-07-16 0.391446839834452 0.35968235318164277 0.40594544627694173 0.39726613761764273 742800 0
2021-07-19 0.3657766580208888 0.31006884775151733 0.28431451429219884 0.25961752228415674 1285500 0
2021-07-20 0.304892268987015 0.35005431660222175 0.3189964814381802 0.3577484485182984 954200 0
2021-07-21 0.34629231102833513 0.3827003486975248 0.39423249138488403 0.4373686688047932 737100 0
2021-07-22 0.444796437998077 0.4297302015697452 0.4899879448923495 0.476036975271071 680400 0
2021-07-23 0.5827972235693272 0.710873399007123 0.6124709290279906 0.7143931936202303 1318900 0
2021-07-26 0.7408903545055633 0.7588175271271069 0.7695611388928677 0.8115145864500326 1152600 0
2021-07-27 0.8340012390124133 0.774613201117485 0.6337410363830219 0.6602414846519452 2108200 0
2021-07-28 0.7573869897507826 0.756856332310425 0.7002933935546295 0.6381983843646445 2734400 0
2021-07-29 0.6420480203732369 0.6230427999931988 0.6890061397753394 0.6466442303022972 964200 0
2021-07-30 0.5960686275331832 0.549886545171794 0.6185243338590097 0.5765578437842076 1196600 0
2021-08-02 0.594667391369117 0.5630927431950457 0.6108201186059605 0.6173774873317944 1007000 0
2021-08-03 0.6219240487659482 0.5797897515238064 0.5849446401286831 0.6328077223712739 953200 0
2021-08-04 0.6351160644072893 0.5905235888098289 0.6505123603753397 0.6194490732193116 826400 0
2021-08-05 0.6234311360267013 0.612362020435638 0.660361979251665 0.667863883304106 593300 0
2021-08-06 0.6375215951228468 0.619255642862866 0.6841342992542615 0.6729627726372628 678000 0
2021-08-09 0.6721013411965534 0.6850595200194883 0.7044860620713682 0.7242726158950664 618700 0
2021-08-10 0.7318755845822494 0.6972511507472741 0.7469599843944044 0.7292917540344315 801700 0
2021-08-11 0.742634961300345 0.7129542972355785 0.7535352792919155 0.7076739934473534 760200 0
2021-08-12 0.7124970886863825 0.6901750614977749 0.7231343705120414 0.7448549077302306 732300 0
2021-08-13 0.7465740420508272 0.7037442520291618 0.7884089744199831 0.7457315224782505 628600 0
2021-08-16 0.7276718760900505 0.7205208469506154 0.6904834201254474 0.7728203446361802 902000 0
2021-08-17 0.7377709743208868 0.7061033798093076 0.7235867185646921 0.6870119504183975 1063600 0
2021-08-18 0.6809050543600101 0.6836017265777252 0.7040733594658607 0.6482107252958 746700 0
2021-08-19 0.5937689479143126 0.6389711183047315 0.6473712710959414 0.6664562423144972 914800 0
2021-08-20 0.6791862649058837 0.7005905524130263 0.7065229281590226 0.7473777686655451 778200 0
2021-08-23 0.7804664014295866 0.8894243020997357 0.8279647318631315 0.8887980319200602 1054500 0
2021-08-24 0.9150308989596164 0.933445393540887 0.9666893508202421 0.9577951338400187 756300 0
2021-08-25 0.9858549641457802 0.949639000494729 1.024509960739891 0.9870884605417853 641900 0
2021-08-26 0.9718703561463214 0.9401934307375793 1.0059818884913738 0.9431617623547673 746100 0
2021-08-27 0.9451158460252357 1.0396430252391826 1.0021746257148965 1.0720999912053402 1228100 0
2021-08-30 1.082165262593338 1.1180125254046998 1.1395389508872398 1.1209129088754037 845800 0
2021-08-31 1.1445560934544485 1.0980026442744177 1.160835705182154 1.1205148012901345 1337800 0
2021-09-01 1.1321573156047415 1.1355571632979122 1.1935529479557745 1.1406989855400291 791200 0
2021-09-02 1.1479930269291851 1.109292940663821 1.1132637683117148 1.0544918353532877 1092200 0
2021-09-03 1.0526347429182914 1.0590433895376221 1.0812393459750567 1.0840244156364296 955200 0
2021-09-07 1.0845443305347238 1.0827369005231893 1.1363978616078414 1.1235421047357739 758500 0
2021-09-08 1.1185954665585132 1.0682663756534196 1.1182421965923253 1.089787249867495 774300 0
2021-09-09 1.091629254244054 1.07454724602146 1.1307006158757487 1.091380976975951 739900 0
2021-09-10 1.1212391622416158 1.0930728048457479 0.9873472284833236 0.9324323090631753 1643500 0
2021-09-13 1.0026691526810596 0.9961783929014117 1.016150620720934 1.0144431200123543 1008800 0
2021-09-14 1.0534279807099254 1.0246160412660323 1.0493208614725682 1.0113094816416592 945800 0
2021-09-15 1.0321725641484183 1.0698826952350993 1.0147402826832153 1.1069175469404864 1032400 0
2021-09-16 1.1041868087387912 1.049661230236439 1.0765189380635587 1.0626984277095652 1014600 0
2021-09-17 1.0342611870074319 0.9992790347890855 0.9511424862118238 0.9081321851531992 3002000 0
2021-09-20 0.7805561166883637 0.7402389105743571 0.7377225952100287 0.7781850712819762 1745900 0
2021-09-21 0.8396061836686786 0.8170496782049399 0.8363533185234238 0.8116209213750882 906500 0
2021-09-22 0.836089861871427 0.8579649513946651 0.8665014063370895 0.8802464994410412 1103400 0
2021-09-23 0.9185201125491801 0.8934236901439159 0.9530058222275563 0.9274131709238101 863600 0
2021-09-24 0.8834382191997278 0.9279332131900746 0.9399085263123 0.9702505845126971 747500 0
2021-09-27 0.9172511902559721 0.9065451252107223 0.9212472193643667 0.9101240198469247 942200 0
2021-09-28 0.7852251827458744 0.7531720554096708 0.6656861678253936 0.6277081846544277 2109500 0
2021-09-29 0.6805984734397286 0.636135118013898 0.5884854335063288 0.5393769295013303 1316900 0
2021-09-30 0.5333602433820126 0.5402740376836301 0.5219330763347211 0.47269066705026447 1764700 0
2021-10-01 0.4926211252614681 0.6187755351248331 0.5420320181856192 0.6425010585272626 1419400 0
2021-10-04 0.6060354118931612 0.5461045644052137 0.4243142868115233 0.4992218792353414 1576500 0
2021-10-05 0.516176221441846 0.6342004520614472 0.5751749620720072 0.6273366608004222 1206300 0
2021-10-06 0.5492488802547997 0.6601735042344673 0.6010770874891679 0.689853816128879 988200 0
2021-10-07 0.7733020893977413 0.7822172794697266 0.8181177126882582 0.7871347113462647 912500 0
2021-10-08 0.8284498653380078 0.790833336935558 0.8642435656260137 0.8333722490021753 946200 0
2021-10-11 0.8228449206817425 0.8145080836025228 0.8310817739040985 0.7691816153714707 829200 0
2021-10-12 0.8142529097116592 0.7578631350602624 0.6949692049809009 0.6558065402166969 1126800 0
2021-10-13 0.7144533976745376 0.6971715641545813 0.7336495129600829 0.7188547217867426 819000 0
2021-10-14 0.8308818588277369 0.8615696417027265 0.8594334680144212 0.9053966543677733 1071300 0
2021-10-15 0.9497423134706652 0.8906433357634205 0.9513023678511229 0.9193660809551162 1062500 0
2021-10-18 0.897582249277733 0.9329821089850493 0.9592353568319494 0.9876460705146383 828200 0
2021-10-19 1.0074543967715193 0.9917254259834295 1.0594629467622452 1.0334051010077985 765800 0
2021-10-20 1.0566796747654603 0.9991865072870117 0.9964247360284002 0.9586717485880385 897000 0
2021-10-21 0.9493195545174347 0.9250706840350102 0.9817832174506466 0.9780856530149692 742500 0
2021-10-22 0.8519784987442139 0.8566398022740566 0.743978126828942 0.7573635258654369 1509100 0
2021-10-25 0.7705260798437803 0.7319327878881994 0.7215102070298944 0.7652245297152834 1054100 0
2021-10-26 0.8654616049014435 0.8185288241471816 0.8416775070971524 0.8129753949021692 1412900 0
2021-10-27 0.828264625918806 1.2573388851182075 0.8894353226214109 1.171798060816674 2592500 0
2021-10-28 1.2193463475987825 1.1675729731063633 1.148244051199315 1.1559431344606612 1620900 0
2021-10-29 1.1252834486552683 1.2305706140637285 1.1697006871335285 1.2696897334694404 1447700 0
2021-11-01 1.2651353375515033 1.2192537888100945 1.0852058404654699 1.03085565634122 1613600 0
2021-11-02 1.0877114727996124 1.1408577597803462 1.1417220501815701 1.141814205485735 1057500 0
2021-11-03 1.1652035116435235 1.1403278295411967 1.1636843280482005 1.1910524628560213 894300 0
2021-11-04 1.2141118817809207 1.3014395631520517 1.2478860583775442 1.2915999151004216 1235000 0
2021-11-05 1.3279760355735324 1.3343431193440354 1.355275175882781 1.3212388303086193 1019700 0
2021-11-08 1.3621588400346638 1.3589243767131352 1.3801920144496276 1.3271079994647403 919400 0
2021-11-09 1.3487286594257777 1.3241528002520124 1.2943128267583706 1.3216369378938886 843800 0
2021-11-10 1.2569267140901512 1.2351821071216271 1.178139318046772 1.1823414279894187 1135400 0
2021-11-11 1.2091943238196028 1.224699970523064 1.2510537945968256 1.1888213745809204 623200 0
2021-11-12 1.247501448450418 1.2966423680445363 1.2382496150202842 1.3427236722393778 852000 0
2021-11-15 1.3621588400346638 1.3293738101417536 1.355301822822664 1.329046666695938 812400 0
2021-11-16 1.3182996962959266 1.2952111034670042 1.3391960224020625 1.312474627979489 862700 0
2021-11-17 1.3213932591399478 1.284265682312603 1.350536570061119 1.3117309318877886 764500 0
2021-11-18 1.317004311228547 1.3894293353513614 1.373723307311649 1.39921215602413 1332900 0
2021-11-19 1.4150327536967149 1.4021508963182967 1.42105542172314 1.3590305220268772 988300 0
2021-11-22 1.369653614026897 1.343552517504983 1.2676125929954412 1.206376362970445 1230400 0
2021-11-23 1.209511877109663 1.1818577959265166 1.1549525807962422 1.1892992333599814 906300 0
2021-11-24 1.1691690551681773 1.14507196692025 1.171430788449845 1.1872017121248897 823200 0
2021-11-26 1.098608972290214 1.0548026535334873 1.0269588795076903 0.9794401265420501 849600 0
2021-11-29 1.0606981438384575 1.1377571178926724 1.1234864443464043 1.155146270906433 1313800 0
2021-11-30 1.121595441542659 1.1253804321607392 1.0046241944080585 0.9606369995505002 2079500 0
2021-12-01 1.056151064715543 1.118523691325247 0.9744891051016529 0.9163387775094767 1423800 0
2021-12-02 0.9298616702990526 1.0218330987036608 0.946909522322579 1.0309885749975396 1062500 0
2021-12-03 1.0711141499258376 1.050350333660974 0.9558544450936027 0.9642750804315204 1333800 0
2021-12-06 1.022391019207642 1.0046857467284431 0.9290736205856607 1.0320506274807175 1109900 0
2021-12-07 1.1480194897033569 1.2139797211918915 1.1982382598976702 1.257260866528026 1162900 0
2021-12-08 1.2739384052814438 1.259379019482113 1.2779678538041834 1.2935917497941471 948200 0
2021-12-09 1.2657168731497639 1.283152764105842 1.2954846421878667 1.2609527632552633 929000 0
2021-12-10 1.3145723177388178 1.272286282498665 1.2863531908376609 1.2911752237838885 1081700 0
2021-12-13 1.2798867205684243 1.2278937869582804 1.2332445397997907 1.1865111834957172 1205200 0
2021-12-14 1.08562801340873 1.062488906660298 1.014021465231733 1.0944082804215907 1238900 0
2021-12-15 1.0642673911840526 1.1724892245801835 1.038672484325111 1.2217800142786606 1364000 0
2021-12-16 1.260482407331902 1.227310798990669 1.1125189538457123 1.0873973075885 1370000 0
2021-12-17 0.9769460453191531 1.0104418632210863 0.9898227941910057 0.9792806241544666 2162800 0
2021-12-20 0.8693529235717133 0.9124021807965368 0.9079367479300452 0.9579546362276021 1013200 0
2021-12-21 0.9999725314496137 1.0227370212239195 0.9870008182648424 1.0545715865470793 977400 0
2021-12-22 1.0502027494285622 1.1611329295529376 1.105623895669603 1.1994976604099845 921900 0
2021-12-23 1.2082694175906268 1.2284288935611825 1.2647028771452722 1.2097758386537794 690300 0
